{
    "barriers": [
        {
            "diameter": 3.0,
            "name": "intro.easy-solo",
            "powered": true,
            "transform": [
                2.9779276847839355,
                0.3632451295852661,
                0.0,
                0.0,
                -0.3632451295852661,
                2.9779276847839355,
                0.0,
                0.0,
                0.0,
                0.0,
                1.0,
                0.0,
                12.24120807647705,
                2.522948741912842,
                0.0,
                1.0
            ]
        },
        {
            "diameter": 5.0,
            "name": "intro.duo",
            "powered": false,
            "transform": [
                4.994182109832764,
                0.2411373257637024,
                0.0,
                0.0,
                -0.2411373257637024,
                4.994182109832764,
                0.0,
                0.0,
                0.0,
                0.0,
                1.0,
                0.0,
                14.263221740722656,
                -10.481523513793945,
                0.0,
                1.0
            ]
        },
        {
            "diameter": 12.5,
            "name": "",
            "powered": false,
            "transform": [
                12.5,
                0.0,
                0.0,
                0.0,
                0.0,
                12.5,
                0.0,
                0.0,
                0.0,
                0.0,
                1.0,
                0.0,
                0.6262658834457397,
                -10.511807441711426,
                0.0,
                1.0
            ]
        }
    ],
    "bricks": [
        {
            "barriers": [],
            "blocks": [
                [
                    0,
                    0
                ],
                [
                    1,
                    0
                ],
                [
                    0,
                    1
                ]
            ],
            "color": [
                0.5,
                0.5,
                0.5
            ],
            "fixed": true,
            "rotationLevel": 0,
            "snapCoordinates": [
                0,
                0
            ],
            "snapPanel": 0,
            "transform": [
                0.7070725560188293,
                -0.7071396112442017,
                3.8742979313610704e-07,
                0.0,
                0.5000225305557251,
                0.4999755322933197,
                0.7071065306663513,
                0.0,
                -0.5000241994857788,
                -0.49997636675834656,
                0.7071060538291931,
                0.0,
                3.890571355819702,
                1.1760358810424805,
                1.0545583963394165,
                1.0
            ]
        },
        {
            "barriers": [],
            "blocks": [
                [
                    0,
                    0
                ],
                [
                    -1,
                    0
                ],
                [
                    -1,
                    1
                ],
                [
                    -1,
                    -1
                ],
                [
                    0,
                    -1
                ],
                [
                    1,
                    -1
                ]
            ],
            "color": [
                0.9919999837875366,
                0.9919999837875366,
                0.5879999995231628
            ],
            "fixed": false,
            "rotationLevel": 1,
            "snapPanel": null,
            "transform": [
                -0.35712432861328125,
                -0.93405681848526,
                -2.1444066078402102e-08,
                0.0,
                0.93405681848526,
                -0.35712432861328125,
                -4.538953362498432e-06,
                0.0,
                4.231982074998086e-06,
                -1.6410011767220567e-06,
                1.0,
                0.0,
                3.308976888656616,
                1.1772544384002686,
                -6.204459737091383e-07,
                1.0
            ]
        },
        {
            "barriers": [
                0
            ],
            "blocks": [
                [
                    0,
                    0
                ],
                [
                    0,
                    1
                ],
                [
                    1,
                    0
                ]
            ],
            "color": [
                0.9919999837875366,
                0.9919999837875366,
                0.5879999995231628
            ],
            "fixed": false,
            "rotationLevel": 1,
            "snapPanel": null,
            "transform": [
                -0.6838212013244629,
                -0.7293338775634766,
                -0.021466447040438652,
                0.0,
                0.7295701503753662,
                -0.6838850975036621,
                -0.0053560794331133366,
                0.0,
                -0.010774211958050728,
                -0.01932387985289097,
                0.9997552037239075,
                0.0,
                12.856188774108887,
                3.047722101211548,
                0.0638851672410965,
                1.0
            ]
        },
        {
            "barriers": [
                0
            ],
            "blocks": [
                [
                    0,
                    0
                ],
                [
                    0,
                    1
                ],
                [
                    1,
                    0
                ]
            ],
            "color": [
                0.9919999837875366,
                0.9919999837875366,
                0.5879999995231628
            ],
            "fixed": false,
            "rotationLevel": 3,
            "snapPanel": null,
            "transform": [
                0.15051132440567017,
                0.9886063933372498,
                0.0019223801791667938,
                0.0,
                -0.9886083006858826,
                0.1505107879638672,
                0.0004165053251199424,
                0.0,
                0.00012242089724168181,
                -0.0019631697796285152,
                0.9999980926513672,
                0.0,
                12.830312728881836,
                3.0484204292297363,
                -0.00014716750592924654,
                1.0
            ]
        },
        {
            "barriers": [
                0
            ],
            "blocks": [
                [
                    0,
                    0
                ],
                [
                    0,
                    1
                ]
            ],
            "color": [
                0.9919999837875366,
                0.9919999837875366,
                0.5879999995231628
            ],
            "fixed": false,
            "rotationLevel": 0,
            "snapPanel": null,
            "transform": [
                0.9924984574317932,
                0.12225697189569473,
                -5.658343434333801e-05,
                0.0,
                -0.10285679250955582,
                0.8352552652359009,
                0.5401566028594971,
                0.0,
                0.06608517467975616,
                -0.536098837852478,
                0.8415645360946655,
                0.0,
                12.716110229492188,
                2.682734251022339,
                0.044568780809640884,
                1.0
            ]
        },
        {
            "barriers": [
                0
            ],
            "blocks": [
                [
                    0,
                    0
                ]
            ],
            "color": [
                0.9919999837875366,
                0.9919999837875366,
                0.5879999995231628
            ],
            "fixed": true,
            "rotationLevel": 0,
            "snapCoordinates": [
                0,
                0
            ],
            "snapPanel": 1,
            "transform": [
                -0.8595516085624695,
                -0.5091808438301086,
                -0.043513115495443344,
                0.0,
                0.30196231603622437,
                -0.5747413039207458,
                0.7605793476104736,
                0.0,
                -0.4122852683067322,
                0.6406241655349731,
                0.6477795839309692,
                0.0,
                12.255987167358398,
                1.9983338117599487,
                1.0991395711898804,
                1.0
            ]
        },
        {
            "barriers": [
                1
            ],
            "blocks": [
                [
                    0,
                    0
                ],
                [
                    0,
                    1
                ],
                [
                    1,
                    0
                ]
            ],
            "color": [
                0.9919999837875366,
                0.9919999837875366,
                0.5879999995231628
            ],
            "fixed": false,
            "rotationLevel": 0,
            "snapPanel": null,
            "transform": [
                0.9164133071899414,
                0.28196120262145996,
                0.28405019640922546,
                0.0,
                -0.2940741777420044,
                0.9557825922966003,
                -4.5821070671081543e-07,
                0.0,
                -0.2714903652667999,
                -0.08353140950202942,
                0.9588093757629395,
                0.0,
                14.891026496887207,
                -9.027739524841309,
                0.023434162139892578,
                1.0
            ]
        },
        {
            "barriers": [
                1
            ],
            "blocks": [
                [
                    0,
                    0
                ],
                [
                    0,
                    1
                ],
                [
                    1,
                    0
                ]
            ],
            "color": [
                0.9919999837875366,
                0.9919999837875366,
                0.5879999995231628
            ],
            "fixed": false,
            "rotationLevel": 0,
            "snapPanel": null,
            "transform": [
                0.9763578772544861,
                0.216160386800766,
                5.6431282757785084e-08,
                0.0,
                -0.216160386800766,
                0.9763578772544861,
                -2.1996021004611066e-08,
                0.0,
                -5.985179285517006e-08,
                9.277782098138232e-09,
                1.0,
                0.0,
                14.508763313293457,
                -9.17120361328125,
                -8.666721562633484e-09,
                1.0
            ]
        },
        {
            "barriers": [
                1
            ],
            "blocks": [
                [
                    0,
                    0
                ],
                [
                    0,
                    1
                ],
                [
                    1,
                    0
                ]
            ],
            "color": [
                0.9919999837875366,
                0.9919999837875366,
                0.5879999995231628
            ],
            "fixed": false,
            "rotationLevel": 0,
            "snapPanel": null,
            "transform": [
                0.9947754740715027,
                0.10208694636821747,
                1.8837292827811325e-06,
                0.0,
                -0.10208694636821747,
                0.9947754740715027,
                3.2109235235111555e-06,
                0.0,
                -1.5460943814105121e-06,
                -3.3864523629745236e-06,
                1.0,
                0.0,
                15.037680625915527,
                -8.90426254272461,
                -3.0221414704101335e-07,
                1.0
            ]
        },
        {
            "barriers": [
                1
            ],
            "blocks": [
                [
                    0,
                    0
                ],
                [
                    0,
                    1
                ]
            ],
            "color": [
                0.9919999837875366,
                0.9919999837875366,
                0.5879999995231628
            ],
            "fixed": false,
            "rotationLevel": 0,
            "snapPanel": null,
            "transform": [
                -0.21123921871185303,
                0.9774343371391296,
                2.751437477854779e-08,
                0.0,
                -0.9774343371391296,
                -0.21123921871185303,
                -7.395270813503885e-07,
                0.0,
                -7.17027091923228e-07,
                -1.8311061467102263e-07,
                1.0,
                0.0,
                14.105427742004395,
                -11.62288761138916,
                -6.057143053794789e-08,
                1.0
            ]
        },
        {
            "barriers": [
                1
            ],
            "blocks": [
                [
                    0,
                    0
                ],
                [
                    0,
                    1
                ]
            ],
            "color": [
                0.9919999837875366,
                0.9919999837875366,
                0.5879999995231628
            ],
            "fixed": false,
            "rotationLevel": 0,
            "snapPanel": null,
            "transform": [
                0.3222695589065552,
                -0.9466479420661926,
                2.0806124666705728e-05,
                0.0,
                -0.9466479420661926,
                -0.3222695589065552,
                3.0426454031839967e-06,
                0.0,
                3.824866325885523e-06,
                -2.0676628992077895e-05,
                -1.0,
                0.0,
                13.848118782043457,
                -11.3814697265625,
                0.06249915435910225,
                1.0
            ]
        },
        {
            "barriers": [
                1
            ],
            "blocks": [
                [
                    0,
                    0
                ],
                [
                    0,
                    1
                ]
            ],
            "color": [
                0.9919999837875366,
                0.9919999837875366,
                0.5879999995231628
            ],
            "fixed": false,
            "rotationLevel": 0,
            "snapPanel": null,
            "transform": [
                0.9426573514938354,
                0.3337620496749878,
                -6.308160660495332e-09,
                0.0,
                -0.3337620496749878,
                0.9426573514938354,
                4.643274209570336e-09,
                0.0,
                7.496183229704911e-09,
                -2.2715922476379546e-09,
                1.0,
                0.0,
                13.842145919799805,
                -12.36518383026123,
                -9.550962243309868e-10,
                1.0
            ]
        },
        {
            "barriers": [
                1
            ],
            "blocks": [
                [
                    0,
                    0
                ],
                [
                    0,
                    1
                ],
                [
                    0,
                    2
                ]
            ],
            "color": [
                0.9919999837875366,
                0.9919999837875366,
                0.5879999995231628
            ],
            "fixed": false,
            "rotationLevel": 0,
            "snapPanel": null,
            "transform": [
                -0.9946572780609131,
                0.10323277860879898,
                -2.1110324155415583e-08,
                0.0,
                -0.10323277860879898,
                -0.9946572780609131,
                1.9490494551632764e-08,
                0.0,
                -1.8985478078548113e-08,
                2.1565638164133816e-08,
                1.0,
                0.0,
                14.157163619995117,
                -11.876399040222168,
                -2.44386555436904e-09,
                1.0
            ]
        },
        {
            "barriers": [],
            "blocks": [
                [
                    0,
                    0
                ],
                [
                    0,
                    1
                ],
                [
                    0,
                    2
                ],
                [
                    1,
                    0
                ]
            ],
            "color": [
                0.9919999837875366,
                0.9919999837875366,
                0.5879999995231628
            ],
            "fixed": true,
            "rotationLevel": 0,
            "snapCoordinates": [
                0,
                0
            ],
            "snapPanel": 5,
            "transform": [
                -0.24889352917671204,
                -0.9684572815895081,
                0.012034637853503227,
                0.0,
                0.24167239665985107,
                -0.05006766319274902,
                0.9690654277801514,
                0.0,
                -0.9378939270973206,
                0.24410197138786316,
                0.24651026725769043,
                0.0,
                21.57822036743164,
                0.24061203002929688,
                0.9854588508605957,
                1.0
            ]
        },
        {
            "barriers": [],
            "blocks": [
                [
                    0,
                    0
                ],
                [
                    -1,
                    0
                ],
                [
                    0,
                    -1
                ]
            ],
            "color": [
                0.9919999837875366,
                0.9919999837875366,
                0.5879999995231628
            ],
            "fixed": false,
            "rotationLevel": 1,
            "snapPanel": null,
            "transform": [
                -0.16818320751190186,
                -0.9857543110847473,
                -0.0015725685516372323,
                0.0,
                0.9857555031776428,
                -0.16818368434906006,
                0.0001912206644192338,
                0.0,
                -0.0004529772559180856,
                -0.0015180081827566028,
                0.9999987483024597,
                0.0,
                -1.1467560529708862,
                -13.511577606201172,
                -0.00021516275592148304,
                1.0
            ]
        },
        {
            "barriers": [],
            "blocks": [
                [
                    0,
                    0
                ]
            ],
            "color": [
                0.9919999837875366,
                0.9919999837875366,
                0.5879999995231628
            ],
            "fixed": true,
            "rotationLevel": 0,
            "snapCoordinates": [
                3,
                1
            ],
            "snapPanel": 4,
            "transform": [
                0.5474785566329956,
                -0.8368167281150818,
                -0.002537580206990242,
                0.0,
                0.35598453879356384,
                0.23015260696411133,
                0.9057087302207947,
                0.0,
                -0.7573263645172119,
                -0.49675819277763367,
                0.4238963723182678,
                0.0,
                -0.6444386839866638,
                -13.994546890258789,
                1.515861988067627,
                1.0
            ]
        },
        {
            "barriers": [],
            "blocks": [
                [
                    0,
                    0
                ],
                [
                    -1,
                    0
                ],
                [
                    0,
                    -1
                ]
            ],
            "color": [
                0.9919999837875366,
                0.9919999837875366,
                0.5879999995231628
            ],
            "fixed": false,
            "rotationLevel": 1,
            "snapPanel": null,
            "transform": [
                -0.26501500606536865,
                -0.9642381072044373,
                -0.0034651593305170536,
                0.0,
                0.9642296433448792,
                -0.26502907276153564,
                0.00457523949444294,
                0.0,
                -0.005329988431185484,
                -0.002128701889887452,
                0.999983549118042,
                0.0,
                -1.1522107124328613,
                -13.521677017211914,
                0.062137678265571594,
                1.0
            ]
        },
        {
            "barriers": [],
            "blocks": [
                [
                    0,
                    0
                ],
                [
                    -1,
                    0
                ],
                [
                    0,
                    -1
                ]
            ],
            "color": [
                0.9919999837875366,
                0.9919999837875366,
                0.5879999995231628
            ],
            "fixed": false,
            "rotationLevel": 1,
            "snapPanel": null,
            "transform": [
                -0.7972203493118286,
                -0.2252831608057022,
                -0.5600775480270386,
                0.0,
                0.27192726731300354,
                -0.9623175859451294,
                1.4267861843109131e-05,
                0.0,
                -0.5389758348464966,
                -0.1522890031337738,
                0.8284401297569275,
                0.0,
                -1.489461898803711,
                -13.624545097351074,
                0.046222005039453506,
                1.0
            ]
        },
        {
            "barriers": [],
            "blocks": [
                [
                    0,
                    0
                ],
                [
                    -1,
                    0
                ],
                [
                    0,
                    -1
                ]
            ],
            "color": [
                0.9919999837875366,
                0.9919999837875366,
                0.5879999995231628
            ],
            "fixed": false,
            "rotationLevel": 2,
            "snapPanel": null,
            "transform": [
                -0.9402478933334351,
                0.34049075841903687,
                -9.643175147289185e-09,
                0.0,
                -0.34049075841903687,
                -0.9402478933334351,
                -1.812320959970748e-08,
                0.0,
                -1.523776127498877e-08,
                -1.3756896066752233e-08,
                1.0,
                0.0,
                -1.9143414497375488,
                -13.518260955810547,
                -3.0904587222657653e-10,
                1.0
            ]
        },
        {
            "barriers": [],
            "blocks": [
                [
                    0,
                    0
                ],
                [
                    -1,
                    0
                ],
                [
                    0,
                    -1
                ]
            ],
            "color": [
                0.9919999837875366,
                0.9919999837875366,
                0.5879999995231628
            ],
            "fixed": false,
            "rotationLevel": 2,
            "snapPanel": null,
            "transform": [
                -0.9374401569366455,
                0.3481457829475403,
                -0.0004971742746420205,
                0.0,
                -0.3481452465057373,
                -0.937440037727356,
                -0.0009364007273688912,
                0.0,
                -0.0007920751231722534,
                -0.000704730860888958,
                0.999999463558197,
                0.0,
                3.3324272632598877,
                -7.8116631507873535,
                -8.268684905488044e-05,
                1.0
            ]
        },
        {
            "barriers": [],
            "blocks": [
                [
                    0,
                    0
                ],
                [
                    -1,
                    0
                ],
                [
                    0,
                    -1
                ]
            ],
            "color": [
                0.9919999837875366,
                0.9919999837875366,
                0.5879999995231628
            ],
            "fixed": false,
            "rotationLevel": 2,
            "snapPanel": null,
            "transform": [
                -0.8961158990859985,
                0.4438188672065735,
                -0.0009889851789921522,
                0.0,
                -0.44381821155548096,
                -0.8961164951324463,
                -0.000809698598459363,
                0.0,
                -0.001245605293661356,
                -0.0002866542199626565,
                0.9999991655349731,
                0.0,
                3.39129900932312,
                -7.8259596824646,
                0.06216594576835632,
                1.0
            ]
        },
        {
            "barriers": [],
            "blocks": [
                [
                    0,
                    0
                ],
                [
                    -1,
                    0
                ],
                [
                    0,
                    -1
                ]
            ],
            "color": [
                0.9919999837875366,
                0.9919999837875366,
                0.5879999995231628
            ],
            "fixed": false,
            "rotationLevel": 2,
            "snapPanel": null,
            "transform": [
                -0.7730759382247925,
                0.28579550981521606,
                -0.5662811398506165,
                0.0,
                -0.34704840183258057,
                -0.9378470182418823,
                0.0004632696509361267,
                0.0,
                -0.5309527516365051,
                0.1968851089477539,
                0.8242120146751404,
                0.0,
                3.2490832805633545,
                -7.733153343200684,
                0.0466902069747448,
                1.0
            ]
        },
        {
            "barriers": [],
            "blocks": [
                [
                    0,
                    0
                ],
                [
                    -1,
                    0
                ],
                [
                    0,
                    -1
                ]
            ],
            "color": [
                0.9919999837875366,
                0.9919999837875366,
                0.5879999995231628
            ],
            "fixed": false,
            "rotationLevel": 2,
            "snapPanel": null,
            "transform": [
                -0.8619049787521362,
                0.3102933168411255,
                -0.4010457992553711,
                0.0,
                -0.3393014669418335,
                -0.9406765699386597,
                0.0013962462544441223,
                0.0,
                -0.3768211603164673,
                0.13727885484695435,
                0.9160569310188293,
                0.0,
                3.0427603721618652,
                -7.649478435516357,
                0.03299163281917572,
                1.0
            ]
        },
        {
            "barriers": [],
            "blocks": [
                [
                    0,
                    0
                ],
                [
                    -1,
                    0
                ],
                [
                    0,
                    -1
                ],
                [
                    -1,
                    -1
                ]
            ],
            "color": [
                0.9919999837875366,
                0.9919999837875366,
                0.5879999995231628
            ],
            "fixed": false,
            "rotationLevel": 2,
            "snapPanel": null,
            "transform": [
                -0.8833489418029785,
                0.32658320665359497,
                -0.336211621761322,
                0.0,
                -0.3467482328414917,
                -0.9379583597183228,
                -6.462633609771729e-05,
                0.0,
                -0.3153735399246216,
                0.11652369052171707,
                0.9417864680290222,
                0.0,
                2.8401622772216797,
                -7.570952415466309,
                0.027736671268939972,
                1.0
            ]
        },
        {
            "barriers": [],
            "blocks": [
                [
                    0,
                    0
                ],
                [
                    0,
                    1
                ],
                [
                    0,
                    2
                ],
                [
                    1,
                    0
                ]
            ],
            "color": [
                0.9919999837875366,
                0.9919999837875366,
                0.5879999995231628
            ],
            "fixed": true,
            "rotationLevel": 2,
            "snapCoordinates": [
                2,
                5
            ],
            "snapPanel": 5,
            "transform": [
                0.2489013969898224,
                0.9684556722640991,
                -0.012003069743514061,
                0.0,
                -0.24166429042816162,
                0.0500992126762867,
                -0.9690658450126648,
                0.0,
                -0.9378939270973206,
                0.24410197138786316,
                0.24651026725769043,
                0.0,
                21.734546661376953,
                -0.240583598613739,
                2.0567259788513184,
                1.0
            ]
        },
        {
            "barriers": [],
            "blocks": [
                [
                    0,
                    0
                ],
                [
                    0,
                    1
                ],
                [
                    0,
                    2
                ],
                [
                    1,
                    0
                ]
            ],
            "color": [
                0.9919999837875366,
                0.9919999837875366,
                0.5879999995231628
            ],
            "fixed": true,
            "rotationLevel": 3,
            "snapCoordinates": [
                0,
                6
            ],
            "snapPanel": 5,
            "transform": [
                -0.24166029691696167,
                0.05011475458741188,
                -0.9690660238265991,
                0.0,
                -0.24890528619289398,
                -0.9684548377990723,
                0.011987516656517982,
                0.0,
                -0.9378939270973206,
                0.24410197138786316,
                0.24651026725769043,
                0.0,
                21.897228240966797,
                0.1745227575302124,
                2.264625072479248,
                1.0
            ]
        },
        {
            "barriers": [],
            "blocks": [
                [
                    0,
                    0
                ],
                [
                    0,
                    1
                ],
                [
                    1,
                    0
                ]
            ],
            "color": [
                0.9919999837875366,
                0.9919999837875366,
                0.5879999995231628
            ],
            "fixed": true,
            "rotationLevel": 3,
            "snapCoordinates": [
                0,
                4
            ],
            "snapPanel": 5,
            "transform": [
                -0.24166029691696167,
                0.05011475458741188,
                -0.9690660238265991,
                0.0,
                -0.24890528619289398,
                -0.9684548377990723,
                0.011987516656517982,
                0.0,
                -0.9378939270973206,
                0.24410197138786316,
                0.24651026725769043,
                0.0,
                21.790891647338867,
                0.19655251502990723,
                1.8382364511489868,
                1.0
            ]
        },
        {
            "barriers": [],
            "blocks": [
                [
                    0,
                    0
                ],
                [
                    0,
                    1
                ],
                [
                    0,
                    -1
                ]
            ],
            "color": [
                0.9919999837875366,
                0.9919999837875366,
                0.5879999995231628
            ],
            "fixed": true,
            "rotationLevel": 2,
            "snapCoordinates": [
                1,
                2
            ],
            "snapPanel": 5,
            "transform": [
                0.2489013969898224,
                0.9684556722640991,
                -0.012003069743514061,
                0.0,
                -0.24166429042816162,
                0.0500992126762867,
                -0.9690658450126648,
                0.0,
                -0.9378939270973206,
                0.24410197138786316,
                0.24651026725769043,
                0.0,
                21.629798889160156,
                0.005521655082702637,
                1.4144952297210693,
                1.0
            ]
        },
        {
            "barriers": [],
            "blocks": [
                [
                    0,
                    0
                ],
                [
                    0,
                    1
                ],
                [
                    0,
                    2
                ],
                [
                    1,
                    0
                ]
            ],
            "color": [
                0.9919999837875366,
                0.9919999837875366,
                0.5879999995231628
            ],
            "fixed": true,
            "rotationLevel": 2,
            "snapCoordinates": [
                5,
                3
            ],
            "snapPanel": 5,
            "transform": [
                0.2489013969898224,
                0.9684556722640991,
                -0.012003069743514061,
                0.0,
                -0.24166429042816162,
                0.0500992126762867,
                -0.9690658450126648,
                0.0,
                -0.9378939270973206,
                0.24410197138786316,
                0.24651026725769043,
                0.0,
                21.46394157409668,
                -0.8577356338500977,
                1.6382801532745361,
                1.0
            ]
        },
        {
            "barriers": [],
            "blocks": [
                [
                    0,
                    0
                ]
            ],
            "color": [
                0.9919999837875366,
                0.9919999837875366,
                0.5879999995231628
            ],
            "fixed": true,
            "rotationLevel": 0,
            "snapCoordinates": [
                3,
                1
            ],
            "snapPanel": 5,
            "transform": [
                -0.24889352917671204,
                -0.9684572815895081,
                0.012034637853503227,
                0.0,
                0.24167239665985107,
                -0.05006766319274902,
                0.9690654277801514,
                0.0,
                -0.9378939270973206,
                0.24410197138786316,
                0.24651026725769043,
                0.0,
                21.467117309570313,
                -0.409584641456604,
                1.2065961360931396,
                1.0
            ]
        },
        {
            "barriers": [],
            "blocks": [
                [
                    0,
                    0
                ],
                [
                    -1,
                    0
                ],
                [
                    0,
                    1
                ],
                [
                    0,
                    2
                ]
            ],
            "color": [
                0.9919999837875366,
                0.9919999837875366,
                0.5879999995231628
            ],
            "fixed": true,
            "rotationLevel": 0,
            "snapCoordinates": [
                6,
                0
            ],
            "snapPanel": 5,
            "transform": [
                -0.24889352917671204,
                -0.9684572815895081,
                0.012034637853503227,
                0.0,
                0.24167239665985107,
                -0.05006766319274902,
                0.9690654277801514,
                0.0,
                -0.9378939270973206,
                0.24410197138786316,
                0.24651026725769043,
                0.0,
                21.249679565429688,
                -1.03775155544281,
                1.0013445615768433,
                1.0
            ]
        },
        {
            "barriers": [],
            "blocks": [
                [
                    0,
                    0
                ],
                [
                    0,
                    1
                ],
                [
                    0,
                    2
                ],
                [
                    1,
                    0
                ]
            ],
            "color": [
                0.9919999837875366,
                0.9919999837875366,
                0.5879999995231628
            ],
            "fixed": true,
            "rotationLevel": 1,
            "snapCoordinates": [
                6,
                5
            ],
            "snapPanel": 5,
            "transform": [
                0.24166834354400635,
                -0.05008343607187271,
                0.9690656065940857,
                0.0,
                0.2488974630832672,
                0.9684564471244812,
                -0.012018853798508644,
                0.0,
                -0.9378939270973206,
                0.24410197138786316,
                0.24651026725769043,
                0.0,
                21.515520095825195,
                -1.0928258895874023,
                2.0673165321350098,
                1.0
            ]
        },
        {
            "barriers": [],
            "blocks": [
                [
                    0,
                    0
                ],
                [
                    0,
                    1
                ],
                [
                    1,
                    0
                ]
            ],
            "color": [
                0.9919999837875366,
                0.9919999837875366,
                0.5879999995231628
            ],
            "fixed": true,
            "rotationLevel": 2,
            "snapCoordinates": [
                6,
                4
            ],
