{
    "barriers": [
        {
            "diameter": 3.0,
            "name": "intro.easy-solo",
            "powered": true,
            "transform": [
                2.9779276847839355,
                0.36324506998062134,
                0.0,
                0.0,
                -0.36324506998062134,
                2.9779276847839355,
                0.0,
                0.0,
                0.0,
                0.0,
                1.0,
                0.0,
                12.24120807647705,
                2.522948741912842,
                0.8558371663093567,
                1.0
            ]
        },
        {
            "diameter": 5.0,
            "name": "intro.easy-duo",
            "powered": false,
            "transform": [
                4.994182109832764,
                0.2411373257637024,
                0.0,
                0.0,
                -0.2411373257637024,
                4.994182109832764,
                0.0,
                0.0,
                0.0,
                0.0,
                1.0,
                0.0,
                -6.679142951965332,
                0.5149967074394226,
                1.6666017770767212,
                1.0
            ]
        },
        {
            "diameter": 12.5,
            "name": "intro.hard-duo",
            "powered": false,
            "transform": [
                12.5,
                0.0,
                0.0,
                0.0,
                0.0,
                12.5,
                0.0,
                0.0,
                0.0,
                0.0,
                1.0,
                0.0,
                0.6262658834457397,
                14.697678565979004,
                1.375806450843811,
                1.0
            ]
        }
    ],
    "bricks": [
        {
            "barriers": [],
            "blocks": [
                [
                    0,
                    0
                ],
                [
                    1,
                    0
                ],
                [
                    0,
                    1
                ]
            ],
            "color": [
                0.5,
                0.5,
                0.5
            ],
            "fixed": true,
            "rotationLevel": 0,
            "snapCoordinates": [
                0,
                0
            ],
            "snapPanel": 0,
            "transform": [
                0.8759894967079163,
                -0.4823285639286041,
                4.768367887209024e-07,
                0.0,
                0.34105736017227173,
                0.6194180250167847,
                0.7071067094802856,
                0.0,
                -0.34105855226516724,
                -0.6194187998771667,
                0.7071065306663513,
                0.0,
                8.189252853393555,
                -14.007627487182617,
                2.1020026206970215,
                1.0
            ]
        },
        {
            "barriers": [],
            "blocks": [
                [
                    0,
                    0
                ],
                [
                    -1,
                    0
                ],
                [
                    -1,
                    1
                ],
                [
                    -1,
                    -1
                ],
                [
                    0,
                    -1
                ],
                [
                    1,
                    -1
                ]
            ],
            "color": [
                0.9919999837875366,
                0.9919999837875366,
                0.5879999995231628
            ],
            "fixed": false,
            "rotationLevel": 2,
            "snapPanel": null,
            "transform": [
                -0.00308489752933383,
                -0.994249165058136,
                0.10704579949378967,
                0.0,
                -0.9976410865783691,
                0.010400531813502312,
                0.06785035878419876,
                0.0,
                -0.06857350468635559,
                -0.10658399760723114,
                -0.9919360280036926,
                0.0,
                8.900440216064453,
                -15.198143005371094,
                1.1969585418701172,
                1.0
            ]
        },
        {
            "barriers": [
                0
            ],
            "blocks": [
                [
                    0,
                    0
                ],
                [
                    0,
                    1
                ],
                [
                    1,
                    0
                ]
            ],
            "color": [
                0.9919999837875366,
                0.9919999837875366,
                0.5879999995231628
            ],
            "fixed": false,
            "rotationLevel": 1,
            "snapPanel": null,
            "transform": [
                0.7399776577949524,
                -0.670939028263092,
                -0.0476825088262558,
                0.0,
                -0.6726310849189758,
                -0.7381395697593689,
                -0.052123185247182846,
                0.0,
                -0.00022486585658043623,
                0.07064271718263626,
                -0.9975010752677917,
                0.0,
                12.627092361450195,
                2.4239745140075684,
                1.0996880531311035,
                1.0
            ]
        },
        {
            "barriers": [
                0
            ],
            "blocks": [
                [
                    0,
                    0
                ],
                [
                    0,
                    1
                ],
                [
                    1,
                    0
                ]
            ],
            "color": [
                0.9919999837875366,
                0.9919999837875366,
                0.5879999995231628
            ],
            "fixed": false,
            "rotationLevel": 3,
            "snapPanel": null,
            "transform": [
                0.2360672801733017,
                -0.9693049788475037,
                -0.06870181113481522,
                0.0,
                -0.9717369079589844,
                -0.235493004322052,
                -0.016458474099636078,
                0.0,
                -0.00022551420261152089,
                0.07064538449048996,
                -0.9975014925003052,
                0.0,
                11.75314712524414,
                2.687534809112549,
                1.11855149269104,
                1.0
            ]
        },
        {
            "barriers": [
                0
            ],
            "blocks": [
                [
                    0,
                    0
                ],
                [
                    0,
                    1
                ]
            ],
            "color": [
                0.9919999837875366,
                0.9919999837875366,
                0.5879999995231628
            ],
            "fixed": false,
            "rotationLevel": 0,
            "snapPanel": null,
            "transform": [
                0.9409844875335693,
                0.33761754631996155,
                0.02369832620024681,
                0.0,
                -0.338448166847229,
                0.9386280179023743,
                0.06655304878950119,
                0.0,
                0.00022556539624929428,
                -0.07064612209796906,
                0.9975014328956604,
                0.0,
                12.759539604187012,
                2.6224777698516846,
                1.0510599613189697,
                1.0
            ]
        },
        {
            "barriers": [
                0
            ],
            "blocks": [
                [
                    0,
                    0
                ]
            ],
            "color": [
                0.9919999837875366,
                0.9919999837875366,
                0.5879999995231628
            ],
            "fixed": true,
            "rotationLevel": 0,
            "snapCoordinates": [
                0,
                0
            ],
            "snapPanel": 1,
            "transform": [
                -0.8595515489578247,
                -0.5091809034347534,
                -0.04351310059428215,
                0.0,
                0.3019622564315796,
                -0.5747413039207458,
                0.7605793476104736,
                0.0,
                -0.41228529810905457,
                0.6406241655349731,
                0.6477795839309692,
                0.0,
                12.255987167358398,
                1.9983338117599487,
                2.0142388343811035,
                1.0
            ]
        },
        {
            "barriers": [
                1
            ],
            "blocks": [
                [
                    0,
                    0
                ],
                [
                    0,
                    1
                ],
                [
                    1,
                    0
                ]
            ],
            "color": [
                0.9919999837875366,
                0.9919999837875366,
                0.5879999995231628
            ],
            "fixed": false,
            "rotationLevel": 0,
            "snapPanel": null,
            "transform": [
                0.9931190609931946,
                0.11302601546049118,
                -0.030631406232714653,
                0.0,
                0.11572564393281937,
                -0.9072617292404175,
                0.40432894229888916,
                0.0,
                0.01790890470147133,
                -0.40508976578712463,
                -0.914094865322113,
                0.0,
                -7.482508659362793,
                -0.4806595742702484,
                2.036684989929199,
                1.0
            ]
        },
        {
            "barriers": [
                1
            ],
            "blocks": [
                [
                    0,
                    0
                ],
                [
                    0,
                    1
                ],
                [
                    1,
                    0
                ]
            ],
            "color": [
                0.9919999837875366,
                0.9919999837875366,
                0.5879999995231628
            ],
            "fixed": false,
            "rotationLevel": 1,
            "snapPanel": null,
            "transform": [
                0.9655560255050659,
                0.2534834146499634,
                -0.0587017759680748,
                0.0,
                -0.25660592317581177,
                0.9650248289108276,
                -0.05365408957004547,
                0.0,
                0.043048255145549774,
                0.06686925888061523,
                0.9968309998512268,
                0.0,
                -7.736215591430664,
                -0.7528031468391418,
                1.9906946420669556,
                1.0
            ]
        },
        {
            "barriers": [
                1
            ],
            "blocks": [
                [
                    0,
                    0
                ],
                [
                    0,
                    1
                ],
                [
                    1,
                    0
                ]
            ],
            "color": [
                0.9919999837875366,
                0.9919999837875366,
                0.5879999995231628
            ],
            "fixed": false,
            "rotationLevel": 0,
            "snapPanel": null,
            "transform": [
                0.9833577275276184,
                0.15596282482147217,
                -0.0931646078824997,
                0.0,
                -0.1621500849723816,
                0.9847545623779297,
                -0.0629684180021286,
                0.0,
                0.08192186057567596,
                0.07702556252479553,
                0.9936351180076599,
                0.0,
                -8.04969596862793,
                -0.3742954730987549,
                1.9839751720428467,
                1.0
            ]
        },
        {
            "barriers": [
                1
            ],
            "blocks": [
                [
                    0,
                    0
                ],
                [
                    0,
                    1
                ]
            ],
            "color": [
                0.9919999837875366,
                0.9919999837875366,
                0.5879999995231628
            ],
            "fixed": false,
            "rotationLevel": 0,
            "snapPanel": null,
            "transform": [
                -0.47917309403419495,
                0.8768438696861267,
                -0.03920639678835869,
                0.0,
                -0.8776382803916931,
                -0.4780420958995819,
                0.035003505647182465,
                0.0,
                0.011950302869081497,
                0.05118175223469734,
                0.9986162781715393,
                0.0,
                -6.8700666427612305,
                1.6026395559310913,
                1.8049463033676147,
                1.0
            ]
        },
        {
            "barriers": [
                1
            ],
            "blocks": [
                [
                    0,
                    0
                ],
                [
                    0,
                    1
                ]
            ],
            "color": [
                0.9919999837875366,
                0.9919999837875366,
                0.5879999995231628
            ],
            "fixed": false,
            "rotationLevel": 0,
            "snapPanel": null,
            "transform": [
                0.15718680620193481,
                -0.9863697290420532,
                0.04864387586712837,
                0.0,
                0.987496554851532,
                0.15638840198516846,
                -0.01983124390244484,
                0.0,
                0.011953599750995636,
                0.05115285888314247,
                0.9986187219619751,
                0.0,
                -7.1626877784729,
                1.7409708499908447,
                1.8013588190078735,
                1.0
            ]
        },
        {
            "barriers": [
                1
            ],
            "blocks": [
                [
                    0,
                    0
                ],
                [
                    0,
                    1
                ]
            ],
            "color": [
                0.9919999837875366,
                0.9919999837875366,
                0.5879999995231628
            ],
            "fixed": false,
            "rotationLevel": 0,
            "snapPanel": null,
            "transform": [
                -0.9029088616371155,
                -0.4285765290260315,
                0.03281146660447121,
                0.0,
                -0.4080653190612793,
                0.8786703944206238,
                0.24782946705818176,
                0.0,
                -0.13504527509212494,
                0.21037963032722473,
                -0.9682530760765076,
                0.0,
                -6.810309886932373,
                1.4313207864761353,
                1.8959406614303589,
                1.0
            ]
        },
        {
            "barriers": [
                1
            ],
            "blocks": [
                [
                    0,
                    0
                ],
                [
                    0,
                    1
                ],
                [
                    0,
                    2
                ]
            ],
            "color": [
                0.9919999837875366,
                0.9919999837875366,
                0.5879999995231628
            ],
            "fixed": false,
            "rotationLevel": 0,
            "snapPanel": null,
            "transform": [
                0.7521823048591614,
                -0.658489465713501,
                0.02474275790154934,
                0.0,
                -0.6588455438613892,
                -0.7508470416069031,
                0.046361248940229416,
                0.0,
                -0.01195038203150034,
                -0.05117382854223251,
                -0.998617947101593,
                0.0,
                -7.428332805633545,
                1.3759323358535767,
                1.8858306407928467,
                1.0
            ]
        },
        {
            "barriers": [],
            "blocks": [
                [
                    0,
                    0
                ],
                [
                    0,
                    1
                ],
                [
                    0,
                    2
                ],
                [
                    1,
                    0
                ]
            ],
            "color": [
                0.9919999837875366,
                0.9919999837875366,
                0.5879999995231628
            ],
            "fixed": true,
            "rotationLevel": 0,
            "snapCoordinates": [
                0,
                0
            ],
            "snapPanel": 5,
            "transform": [
                0.024623652920126915,
                -0.9996252059936523,
                0.012034635059535503,
                0.0,
                0.24616670608520508,
                0.017730534076690674,
                0.9690653085708618,
                0.0,
                -0.9689133763313293,
                -0.020899387076497078,
                0.24651053547859192,
                0.0,
                39.35700225830078,
                21.157730102539063,
                9.041606903076172,
                1.0
            ]
        },
        {
            "barriers": [],
            "blocks": [
                [
                    0,
                    0
                ],
                [
                    -1,
                    0
                ],
                [
                    0,
                    -1
                ]
            ],
            "color": [
                0.9919999837875366,
                0.9919999837875366,
                0.5879999995231628
            ],
            "fixed": false,
            "rotationLevel": 1,
            "snapPanel": null,
            "transform": [
                -0.9470089673995972,
                0.3211056888103485,
                0.007944517768919468,
                0.0,
                -0.3208714425563812,
                -0.9468644261360168,
                0.02207987755537033,
                0.0,
                0.014612379483878613,
                0.018360702320933342,
                0.999724268913269,
                0.0,
                -1.355197787284851,
                12.03886890411377,
                1.4890391826629639,
                1.0
            ]
        },
        {
            "barriers": [],
            "blocks": [
                [
                    0,
                    0
                ]
            ],
            "color": [
                0.9919999837875366,
                0.9919999837875366,
                0.5879999995231628
            ],
            "fixed": true,
            "rotationLevel": 0,
            "snapCoordinates": [
                3,
                1
            ],
            "snapPanel": 4,
            "transform": [
                0.5474785566329956,
                -0.8368167281150818,
                -0.002537580206990242,
                0.0,
                0.35598453879356384,
                0.23015260696411133,
                0.9057087302207947,
                0.0,
                -0.7573263645172119,
                -0.49675819277763367,
                0.4238963723182678,
                0.0,
                -0.6444386839866638,
                11.214940071105957,
                2.5681889057159424,
                1.0
            ]
        },
        {
            "barriers": [],
            "blocks": [
                [
                    0,
                    0
                ],
                [
                    -1,
                    0
                ],
                [
                    0,
                    -1
                ]
            ],
            "color": [
                0.9919999837875366,
                0.9919999837875366,
                0.5879999995231628
            ],
            "fixed": false,
            "rotationLevel": 1,
            "snapPanel": null,
            "transform": [
                -0.33509525656700134,
                -0.9419450759887695,
                0.021225621923804283,
                0.0,
                0.9420122504234314,
                -0.33537933230400085,
                -0.01154538057744503,
                0.0,
                0.0179937481880188,
                0.016125991940498352,
                0.9997078776359558,
                0.0,
                -1.3427598476409912,
                11.287996292114258,
                1.5023497343063354,
                1.0
            ]
        },
        {
            "barriers": [],
            "blocks": [
                [
                    0,
                    0
                ],
                [
                    -1,
                    0
                ],
                [
                    0,
                    -1
                ]
            ],
            "color": [
                0.9919999837875366,
                0.9919999837875366,
                0.5879999995231628
            ],
            "fixed": false,
            "rotationLevel": 1,
            "snapPanel": null,
            "transform": [
                -0.8160932660102844,
                -0.5774105191230774,
                0.024260178208351135,
                0.0,
                0.5777089595794678,
                -0.8162103295326233,
                0.007252006325870752,
                0.0,
                0.01561401505023241,
                0.019933627918362617,
                0.9996786117553711,
                0.0,
                -1.8014745712280273,
                11.425714492797852,
                1.5073761940002441,
                1.0
            ]
        },
        {
            "barriers": [],
            "blocks": [
                [
                    0,
                    0
                ],
                [
                    -1,
                    0
                ],
                [
                    0,
                    -1
                ]
            ],
            "color": [
                0.9919999837875366,
                0.9919999837875366,
                0.5879999995231628
            ],
            "fixed": false,
            "rotationLevel": 2,
            "snapPanel": null,
            "transform": [
                0.060537174344062805,
                -0.9978927969932556,
                0.023363228887319565,
                0.0,
                0.9979140162467957,
                0.0599791556596756,
                -0.023887669667601585,
                0.0,
                0.0224359892308712,
                0.024760548025369644,
                0.9994405508041382,
                0.0,
                -2.8298146724700928,
                12.087907791137695,
                1.513391137123108,
                1.0
            ]
        },
        {
            "barriers": [],
            "blocks": [
                [
                    0,
                    0
                ],
                [
                    -1,
                    0
                ],
                [
                    0,
                    -1
                ]
            ],
            "color": [
                0.9919999837875366,
                0.9919999837875366,
                0.5879999995231628
            ],
            "fixed": false,
            "rotationLevel": 2,
            "snapPanel": null,
            "transform": [
                0.12388636916875839,
                0.9412264823913574,
                -0.31423577666282654,
                0.0,
                0.992296040058136,
                -0.11766251921653748,
                0.038776226341724396,
                0.0,
                -0.00047656893730163574,
                -0.3166189193725586,
                -0.9485526084899902,
                0.0,
                3.3757662773132324,
                17.598012924194336,
                1.4325506687164307,
                1.0
            ]
        },
        {
            "barriers": [],
            "blocks": [
                [
                    0,
                    0
                ],
                [
                    -1,
                    0
                ],
                [
                    0,
                    -1
                ]
            ],
            "color": [
                0.9919999837875366,
                0.9919999837875366,
                0.5879999995231628
            ],
            "fixed": false,
            "rotationLevel": 2,
            "snapPanel": null,
            "transform": [
                0.9985026121139526,
                0.052218783646821976,
                0.016031330451369286,
                0.0,
                0.05191957950592041,
                -0.9984753727912903,
                0.018546633422374725,
                0.0,
                0.016975510865449905,
                -0.017686666920781136,
                -0.9996998310089111,
                0.0,
                3.9095287322998047,
                17.359874725341797,
                1.427658200263977,
                1.0
            ]
        },
        {
            "barriers": [],
            "blocks": [
                [
                    0,
                    0
                ],
                [
                    -1,
                    0
                ],
                [
                    0,
                    -1
                ]
            ],
            "color": [
                0.9919999837875366,
                0.9919999837875366,
                0.5879999995231628
            ],
            "fixed": false,
            "rotationLevel": 2,
            "snapPanel": null,
            "transform": [
                -0.5295340418815613,
                -0.8482667803764343,
                0.006009052507579327,
                0.0,
                0.8481185436248779,
                -0.5292729139328003,
                0.02378200553357601,
                0.0,
                -0.01699305884540081,
                0.017689773812890053,
                0.999699056148529,
                0.0,
                3.312026023864746,
                17.195213317871094,
                1.357908010482788,
                1.0
            ]
        },
        {
            "barriers": [],
            "blocks": [
                [
                    0,
                    0
                ],
                [
                    -1,
                    0
                ],
                [
                    0,
                    -1
                ]
            ],
            "color": [
                0.9919999837875366,
                0.9919999837875366,
                0.5879999995231628
            ],
            "fixed": false,
            "rotationLevel": 2,
            "snapPanel": null,
            "transform": [
                -0.8684982657432556,
                0.4951331913471222,
                -0.023508835583925247,
                0.0,
                -0.48385825753211975,
                -0.8571128845214844,
                -0.17673993110656738,
                0.0,
                -0.10765963047742844,
                -0.1421235352754593,
                0.983976423740387,
                0.0,
                2.9952242374420166,
                16.992399215698242,
                1.3707481622695923,
                1.0
            ]
        },
        {
            "barriers": [],
            "blocks": [
                [
                    0,
                    0
                ],
                [
                    -1,
                    0
                ],
                [
                    0,
                    -1
                ],
                [
                    -1,
                    -1
                ]
            ],
            "color": [
                0.9919999837875366,
                0.9919999837875366,
                0.5879999995231628
            ],
            "fixed": false,
            "rotationLevel": 2,
            "snapPanel": null,
            "transform": [
                -0.3309277594089508,
                -0.9434206485748291,
                0.021053101867437363,
                0.0,
                0.9430087208747864,
                -0.32979270815849304,
                0.044391196221113205,
                0.0,
                -0.03493686020374298,
                0.03454398736357689,
                0.9988042712211609,
                0.0,
                2.5626726150512695,
                17.843996047973633,
                1.3128010034561157,
                1.0
            ]
        },
        {
            "barriers": [],
            "blocks": [
                [
                    0,
                    0
                ],
                [
                    0,
                    1
                ],
                [
                    0,
                    2
                ],
                [
                    1,
                    0
                ]
            ],
            "color": [
                0.9919999837875366,
                0.9919999837875366,
                0.5879999995231628
            ],
            "fixed": true,
            "rotationLevel": 2,
            "snapCoordinates": [
                2,
                5
            ],
            "snapPanel": 5,
            "transform": [
                -0.024615198373794556,
                0.9996261596679688,
                -0.012003197334706783,
                0.0,
                -0.24616721272468567,
                -0.017698051407933235,
                -0.9690659046173096,
                0.0,
                -0.9689136743545532,
                -0.020898884162306786,
                0.24651014804840088,
                0.0,
                39.63859558105469,
                20.737390518188477,
                10.112873077392578,
                1.0
            ]
        },
        {
            "barriers": [],
            "blocks": [
                [
                    0,
                    0
                ],
                [
                    0,
                    1
                ],
                [
                    0,
                    2
                ],
                [
                    1,
                    0
                ]
            ],
            "color": [
                0.9919999837875366,
                0.9919999837875366,
                0.5879999995231628
            ],
            "fixed": true,
            "rotationLevel": 3,
            "snapCoordinates": [
                0,
                6
            ],
            "snapPanel": 5,
            "transform": [
                -0.2461676448583603,
                -0.017681816592812538,
                -0.9690659642219543,
                0.0,
                0.024611685425043106,
                -0.9996263980865479,
                0.011987430974841118,
                0.0,
                -0.9689134955406189,
                -0.02089937962591648,
                0.2465101182460785,
                0.0,
                39.68194580078125,
                21.181129455566406,
                10.320772171020508,
                1.0
            ]
        },
        {
            "barriers": [],
            "blocks": [
                [
                    0,
                    0
                ],
                [
                    0,
                    1
                ],
                [
                    1,
                    0
                ]
            ],
            "color": [
                0.9919999837875366,
                0.9919999837875366,
                0.5879999995231628
            ],
            "fixed": true,
            "rotationLevel": 3,
            "snapCoordinates": [
                0,
                4
            ],
            "snapPanel": 5,
            "transform": [
                -0.2461676448583603,
                -0.017681816592812538,
                -0.9690659642219543,
                0.0,
                0.024611685425043106,
                -0.9996263980865479,
                0.011987430974841118,
                0.0,
                -0.9689134955406189,
                -0.02089937962591648,
                0.2465101182460785,
                0.0,
                39.57362365722656,
                21.173320770263672,
                9.894384384155273,
                1.0
            ]
        },
        {
            "barriers": [],
            "blocks": [
                [
                    0,
                    0
                ],
                [
                    0,
                    1
                ],
                [
                    0,
                    -1
                ]
            ],
            "color": [
                0.9919999837875366,
                0.9919999837875366,
                0.5879999995231628
            ],
            "fixed": true,
            "rotationLevel": 2,
            "snapCoordinates": [
                1,
                2
            ],
            "snapPanel": 5,
            "transform": [
                -0.024615198373794556,
                0.9996261596679688,
                -0.012003197334706783,
                0.0,
                -0.24616721272468567,
                -0.017698051407933235,
                -0.9690659046173096,
                0.0,
                -0.9689136743545532,
                -0.020898884162306786,
                0.24651014804840088,
                0.0,
                39.47068786621094,
                20.945615768432617,
                9.470640182495117,
                1.0
            ]
        },
        {
            "barriers": [],
            "blocks": [
                [
                    0,
                    0
                ],
                [
                    0,
                    1
                ],
                [
                    0,
                    2
                ],
                [
                    1,
                    0
                ]
            ],
            "color": [
                0.9919999837875366,
                0.9919999837875366,
                0.5879999995231628
            ],
            "fixed": true,
            "rotationLevel": 2,
            "snapCoordinates": [
                5,
                3
            ],
            "snapPanel": 5,
            "transform": [
                -0.024615198373794556,
                0.9996261596679688,
                -0.012003197334706783,
                0.0,
                -0.24616721272468567,
                -0.017698051407933235,
                -0.9690659046173096,
                0.0,
                -0.9689136743545532,
                -0.020898884162306786,
                0.24651014804840088,
                0.0,
                39.546546936035156,
                20.069852828979492,
                9.694427490234375,
                1.0
            ]
        },
        {
            "barriers": [],
            "blocks": [
                [
                    0,
                    0
                ]
            ],
            "color": [
                0.9919999837875366,
                0.9919999837875366,
                0.5879999995231628
            ],
            "fixed": true,
            "rotationLevel": 0,
            "snapCoordinates": [
                3,
                1
            ],
            "snapPanel": 5,
            "transform": [
                0.024623652920126915,
                -0.9996252059936523,
                0.012034635059535503,
                0.0,
                0.24616670608520508,
                0.017730534076690674,
                0.9690653085708618,
                0.0,
                -0.9689133763313293,
                -0.020899387076497078,
                0.24651053547859192,
                0.0,
                39.42741394042969,
                20.50188636779785,
                9.262744903564453,
                1.0
            ]
        },
        {
            "barriers": [],
            "blocks": [
                [
                    0,
                    0
                ],
                [
                    -1,
                    0
                ],
                [
                    0,
                    1
                ],
                [
                    0,
                    2
                ]
            ],
            "color": [
                0.9919999837875366,
                0.9919999837875366,
                0.5879999995231628
            ],
            "fixed": true,
            "rotationLevel": 0,
            "snapCoordinates": [
                6,
                0
            ],
            "snapPanel": 5,
            "transform": [
                0.024623652920126915,
                -0.9996252059936523,
                0.012034635059535503,
                0.0,
                0.24616670608520508,
                0.017730534076690674,
                0.9690653085708618,
                0.0,
                -0.9689133763313293,
                -0.020899387076497078,
                0.24651053547859192,
                0.0,
                39.389503479003906,
                19.838241577148438,
                9.057493209838867,
                1.0
            ]
        },
        {
            "barriers": [],
            "blocks": [
                [
                    0,
                    0
                ],
                [
                    0,
                    1
                ],
                [
                    0,
                    2
                ],
                [
                    1,
                    0
                ]
            ],
            "color": [
                0.9919999837875366,
                0.9919999837875366,
                0.5879999995231628
            ],
            "fixed": true,
            "rotationLevel": 1,
            "snapCoordinates": [
                6,
                5
            ],
            "snapPanel": 5,
            "transform": [
                0.24616698920726776,
                0.01771390624344349,
                0.9690654873847961,
                0.0,
                -0.024619486182928085,
                0.9996251463890076,
                -0.01201855018734932,
                0.0,
                -0.9689134955406189,
                -0.02089928835630417,
                0.24651041626930237,
                0.0,
                39.66027069091797,
                19.857725143432617,
                10.123464584350586,
                1.0
            ]
        },
        {
            "barriers": [],
            "blocks": [
                [
                    0,
                    0
                ],
                [
                    0,
                    1
                ],
                [
                    1,
                    0
                ]
            ],
            "color": [
                0.9919999837875366,
                0.9919999837875366,
                0.5879999995231628
            ],
            "fixed": true,
            "rotationLevel": 2,
            "snapCoordinates": [
                6,
