{
    "barriers": [
        {
            "diameter": 3.0,
            "name": "intro.easy-solo",
            "powered": true,
            "transform": [
                2.9779276847839355,
                0.36324506998062134,
                0.0,
                0.0,
                -0.36324506998062134,
                2.9779276847839355,
                0.0,
                0.0,
                0.0,
                0.0,
                1.0,
                0.0,
                12.24120807647705,
                2.522948741912842,
                0.8558371663093567,
                1.0
            ]
        },
        {
            "diameter": 5.0,
            "name": "intro.easy-duo",
            "powered": false,
            "transform": [
                4.994182109832764,
                0.2411373257637024,
                0.0,
                0.0,
                -0.2411373257637024,
                4.994182109832764,
                0.0,
                0.0,
                0.0,
                0.0,
                1.0,
                0.0,
                -6.679142951965332,
                0.5149967074394226,
                1.6666017770767212,
                1.0
            ]
        },
        {
            "diameter": 12.5,
            "name": "intro.hard-duo",
            "powered": false,
            "transform": [
                12.5,
                0.0,
                0.0,
                0.0,
                0.0,
                12.5,
                0.0,
                0.0,
                0.0,
                0.0,
                1.0,
                0.0,
                0.6262658834457397,
                14.697678565979004,
                1.375806450843811,
                1.0
            ]
        }
    ],
    "bricks": [
        {
            "barriers": [],
            "blocks": [
                [
                    0,
                    0
                ],
                [
                    1,
                    0
                ],
                [
                    0,
                    1
                ]
            ],
            "color": [
                0.5,
                0.5,
                0.5
            ],
            "fixed": true,
            "rotationLevel": 0,
            "snapCoordinates": [
                0,
                0
            ],
            "snapPanel": 0,
            "transform": [
                0.9856471419334412,
                0.1688149869441986,
                4.39583999423121e-07,
                0.0,
                -0.11937038600444794,
                0.6969568729400635,
                0.7071066498756409,
                0.0,
                0.11937004327774048,
                -0.696958601474762,
                0.7071059942245483,
                0.0,
                7.013349533081055,
                -13.608377456665039,
                2.094590425491333,
                1.0
            ]
        },
        {
            "barriers": [],
            "blocks": [
                [
                    0,
                    0
                ],
                [
                    -1,
                    0
                ],
                [
                    -1,
                    1
                ],
                [
                    -1,
                    -1
                ],
                [
                    0,
                    -1
                ],
                [
                    1,
                    -1
                ]
            ],
            "color": [
                0.9919999837875366,
                0.9919999837875366,
                0.5879999995231628
            ],
            "fixed": false,
            "rotationLevel": 1,
            "snapPanel": null,
            "transform": [
                -0.04199250414967537,
                0.9938127398490906,
                -0.10281428694725037,
                0.0,
                -0.9966645240783691,
                -0.0344608798623085,
                0.07396656274795532,
                0.0,
                0.06996593624353409,
                0.10557752847671509,
                0.9919463396072388,
                0.0,
                7.437861442565918,
                -14.124576568603516,
                1.121283769607544,
                1.0
            ]
        },
        {
            "barriers": [
                0
            ],
            "blocks": [
                [
                    0,
                    0
                ],
                [
                    0,
                    1
                ],
                [
                    1,
                    0
                ]
            ],
            "color": [
                0.9919999837875366,
                0.9919999837875366,
                0.5879999995231628
            ],
            "fixed": false,
            "rotationLevel": 1,
            "snapPanel": null,
            "transform": [
                0.7375677227973938,
                -0.6735736131668091,
                -0.04787945747375488,
                0.0,
                -0.6752731800079346,
                -0.7357355356216431,
                -0.05195585638284683,
                0.0,
                -0.00023052282631397247,
                0.07065267115831375,
                -0.9975008964538574,
                0.0,
                12.627154350280762,
                2.4237747192382813,
                1.0996737480163574,
                1.0
            ]
        },
        {
            "barriers": [
                0
            ],
            "blocks": [
                [
                    0,
                    0
                ],
                [
                    0,
                    1
                ],
                [
                    1,
                    0
                ]
            ],
            "color": [
                0.9919999837875366,
                0.9919999837875366,
                0.5879999995231628
            ],
            "fixed": false,
            "rotationLevel": 3,
            "snapPanel": null,
            "transform": [
                0.23608791828155518,
                -0.9693000316619873,
                -0.06870193779468536,
                0.0,
                -0.9717316627502441,
                -0.2355135679244995,
                -0.016459530219435692,
                0.0,
                -0.0002260170876979828,
                0.07064574211835861,
                -0.9975013732910156,
                0.0,
                11.752793312072754,
                2.6874451637268066,
                1.1185451745986938,
                1.0
            ]
        },
        {
            "barriers": [
                0
            ],
            "blocks": [
                [
                    0,
                    0
                ],
                [
                    0,
                    1
                ]
            ],
            "color": [
                0.9919999837875366,
                0.9919999837875366,
                0.5879999995231628
            ],
            "fixed": false,
            "rotationLevel": 0,
            "snapPanel": null,
            "transform": [
                0.9420261979103088,
                0.3347139060497284,
                0.02350262738764286,
                0.0,
                -0.33553794026374817,
                0.9396677017211914,
                0.06661805510520935,
                0.0,
                0.00021332595497369766,
                -0.07064203917980194,
                0.9975017309188843,
                0.0,
                12.759489059448242,
                2.622314453125,
                1.051048755645752,
                1.0
            ]
        },
        {
            "barriers": [
                0
            ],
            "blocks": [
                [
                    0,
                    0
                ]
            ],
            "color": [
                0.9919999837875366,
                0.9919999837875366,
                0.5879999995231628
            ],
            "fixed": true,
            "rotationLevel": 0,
            "snapCoordinates": [
                0,
                0
            ],
            "snapPanel": 1,
            "transform": [
                -0.8595515489578247,
                -0.5091809034347534,
                -0.04351310059428215,
                0.0,
                0.3019622564315796,
                -0.5747413039207458,
                0.7605793476104736,
                0.0,
                -0.41228529810905457,
                0.6406241655349731,
                0.6477795839309692,
                0.0,
                12.255987167358398,
                1.9983338117599487,
                2.0142388343811035,
                1.0
            ]
        },
        {
            "barriers": [
                1
            ],
            "blocks": [
                [
                    0,
                    0
                ],
                [
                    0,
                    1
                ],
                [
                    1,
                    0
                ]
            ],
            "color": [
                0.9919999837875366,
                0.9919999837875366,
                0.5879999995231628
            ],
            "fixed": false,
            "rotationLevel": 0,
            "snapPanel": null,
            "transform": [
                0.9928724765777588,
                0.11521773040294647,
                -0.030471622943878174,
                0.0,
                0.11765921860933304,
                -0.9069289565086365,
                0.40451714396476746,
                0.0,
                0.018971862271428108,
                -0.4052172899246216,
                -0.9140169024467468,
                0.0,
                -7.480802536010742,
                -0.4815276861190796,
                2.0366556644439697,
                1.0
            ]
        },
        {
            "barriers": [
                1
            ],
            "blocks": [
                [
                    0,
                    0
                ],
                [
                    0,
                    1
                ],
                [
                    1,
                    0
                ]
            ],
            "color": [
                0.9919999837875366,
                0.9919999837875366,
                0.5879999995231628
            ],
            "fixed": false,
            "rotationLevel": 1,
            "snapPanel": null,
            "transform": [
                0.9649934768676758,
                0.2557457983493805,
                -0.05813730135560036,
                0.0,
                -0.2588212788105011,
                0.9644433856010437,
                -0.053468991070985794,
                0.0,
                0.04239568114280701,
                0.06664440780878067,
                0.9968742728233337,
                0.0,
                -7.732431411743164,
                -0.7538142800331116,
                1.9905211925506592,
                1.0
            ]
        },
        {
            "barriers": [
                1
            ],
            "blocks": [
                [
                    0,
                    0
                ],
                [
                    0,
                    1
                ],
                [
                    1,
                    0
                ]
            ],
            "color": [
                0.9919999837875366,
                0.9919999837875366,
                0.5879999995231628
            ],
            "fixed": false,
            "rotationLevel": 0,
            "snapPanel": null,
            "transform": [
                0.9837280511856079,
                0.1537148356437683,
                -0.09299479424953461,
                0.0,
                -0.15990550816059113,
                0.9851062893867493,
                -0.06320898979902267,
                0.0,
                0.08189190179109573,
                0.07704925537109375,
                0.9936361312866211,
                0.0,
                -8.049782752990723,
                -0.37419643998146057,
                1.9839787483215332,
                1.0
            ]
        },
        {
            "barriers": [
                1
            ],
            "blocks": [
                [
                    0,
                    0
                ],
                [
                    0,
                    1
                ]
            ],
            "color": [
                0.9919999837875366,
                0.9919999837875366,
                0.5879999995231628
            ],
            "fixed": false,
            "rotationLevel": 0,
            "snapPanel": null,
            "transform": [
                -0.47581344842910767,
                0.8786669969558716,
                -0.03930974006652832,
                0.0,
                -0.8794644474983215,
                -0.47468623518943787,
                0.03484686091542244,
                0.0,
                0.011958989314734936,
                0.05115209519863129,
                0.9986177682876587,
                0.0,
                -6.871164321899414,
                1.60186767578125,
                1.8049981594085693,
                1.0
            ]
        },
        {
            "barriers": [
                1
            ],
            "blocks": [
                [
                    0,
                    0
                ],
                [
                    0,
                    1
                ]
            ],
            "color": [
                0.9919999837875366,
                0.9919999837875366,
                0.5879999995231628
            ],
            "fixed": false,
            "rotationLevel": 0,
            "snapPanel": null,
            "transform": [
                0.15809394419193268,
                -0.986224889755249,
                0.048644017428159714,
                0.0,
                0.9873517751693726,
                0.15729451179504395,
                -0.019870750606060028,
                0.0,
                0.01194559596478939,
                0.05117020010948181,
                0.9986181855201721,
                0.0,
                -7.161736965179443,
                1.7407397031784058,
                1.8013584613800049,
                1.0
            ]
        },
        {
            "barriers": [
                1
            ],
            "blocks": [
                [
                    0,
                    0
                ],
                [
                    0,
                    1
                ]
            ],
            "color": [
                0.9919999837875366,
                0.9919999837875366,
                0.5879999995231628
            ],
            "fixed": false,
            "rotationLevel": 0,
            "snapPanel": null,
            "transform": [
                -0.8804563283920288,
                -0.4728499948978424,
                0.034775566309690475,
                0.0,
                -0.4505189061164856,
                0.8572185039520264,
                0.24941477179527283,
                0.0,
                -0.14774702489376068,
                0.20393311977386475,
                -0.9677777886390686,
                0.0,
                -6.816559791564941,
                1.430103063583374,
                1.8960793018341064,
                1.0
            ]
        },
        {
            "barriers": [
                1
            ],
            "blocks": [
                [
                    0,
                    0
                ],
                [
                    0,
                    1
                ],
                [
                    0,
                    2
                ]
            ],
            "color": [
                0.9919999837875366,
                0.9919999837875366,
                0.5879999995231628
            ],
            "fixed": false,
            "rotationLevel": 0,
            "snapPanel": null,
            "transform": [
                0.746865451335907,
                -0.6644994020462036,
                0.025132685899734497,
                0.0,
                -0.6648668050765991,
                -0.745531439781189,
                0.04618661850690842,
                0.0,
                -0.011953786015510559,
                -0.051205143332481384,
                -0.9986164569854736,
                0.0,
                -7.421962738037109,
                1.3761613368988037,
                1.8857440948486328,
                1.0
            ]
        },
        {
            "barriers": [],
            "blocks": [
                [
                    0,
                    0
                ],
                [
                    0,
                    1
                ],
                [
                    0,
                    2
                ],
                [
                    1,
                    0
                ]
            ],
            "color": [
                0.9919999837875366,
                0.9919999837875366,
                0.5879999995231628
            ],
            "fixed": true,
            "rotationLevel": 0,
            "snapCoordinates": [
                0,
                0
            ],
            "snapPanel": 5,
            "transform": [
                0.024623652920126915,
                -0.9996252059936523,
                0.012034635059535503,
                0.0,
                0.24616670608520508,
                0.017730534076690674,
                0.9690653085708618,
                0.0,
                -0.9689133763313293,
                -0.020899387076497078,
                0.24651053547859192,
                0.0,
                39.35700225830078,
                21.157730102539063,
                9.041606903076172,
                1.0
            ]
        },
        {
            "barriers": [],
            "blocks": [
                [
                    0,
                    0
                ],
                [
                    -1,
                    0
                ],
                [
                    0,
                    -1
                ]
            ],
            "color": [
                0.9919999837875366,
                0.9919999837875366,
                0.5879999995231628
            ],
            "fixed": false,
            "rotationLevel": 1,
            "snapPanel": null,
            "transform": [
                -0.947361946105957,
                0.32006213068962097,
                0.007965877652168274,
                0.0,
                -0.31982770562171936,
                -0.9472175240516663,
                0.022071825340390205,
                0.0,
                0.014609805308282375,
                0.018362337723374367,
                0.9997245669364929,
                0.0,
                -1.3551948070526123,
                12.038850784301758,
                1.4890397787094116,
                1.0
            ]
        },
        {
            "barriers": [],
            "blocks": [
                [
                    0,
                    0
                ]
            ],
            "color": [
                0.9919999837875366,
                0.9919999837875366,
                0.5879999995231628
            ],
            "fixed": true,
            "rotationLevel": 0,
            "snapCoordinates": [
                3,
                1
            ],
            "snapPanel": 4,
            "transform": [
                0.5474785566329956,
                -0.8368167281150818,
                -0.002537580206990242,
                0.0,
                0.35598453879356384,
                0.23015260696411133,
                0.9057087302207947,
                0.0,
                -0.7573263645172119,
                -0.49675819277763367,
                0.4238963723182678,
                0.0,
                -0.6444386839866638,
                11.214940071105957,
                2.5681889057159424,
                1.0
            ]
        },
        {
            "barriers": [],
            "blocks": [
                [
                    0,
                    0
                ],
                [
                    -1,
                    0
                ],
                [
                    0,
                    -1
                ]
            ],
            "color": [
                0.9919999837875366,
                0.9919999837875366,
                0.5879999995231628
            ],
            "fixed": false,
            "rotationLevel": 1,
            "snapPanel": null,
            "transform": [
                -0.35466161370277405,
                -0.9347484111785889,
                0.021468492224812508,
                0.0,
                0.9168733358383179,
                -0.35219478607177734,
                -0.1878889799118042,
                0.0,
                0.1831899881362915,
                -0.046953119337558746,
                0.9819556474685669,
                0.0,
                -1.348922848701477,
                11.302384376525879,
                1.516330599784851,
                1.0
            ]
        },
        {
            "barriers": [],
            "blocks": [
                [
                    0,
                    0
                ],
                [
                    -1,
                    0
                ],
                [
                    0,
                    -1
                ]
            ],
            "color": [
                0.9919999837875366,
                0.9919999837875366,
                0.5879999995231628
            ],
            "fixed": false,
            "rotationLevel": 1,
            "snapPanel": null,
            "transform": [
                -0.8192605376243591,
                -0.572908878326416,
                0.024246318265795708,
                0.0,
                0.5732081532478333,
                -0.8193773031234741,
                0.007350570056587458,
                0.0,
                0.015655653551220894,
                0.019920187070965767,
                0.9996781945228577,
                0.0,
                -1.7938027381896973,
                11.415963172912598,
                1.5074455738067627,
                1.0
            ]
        },
        {
            "barriers": [],
            "blocks": [
                [
                    0,
                    0
                ],
                [
                    -1,
                    0
                ],
                [
                    0,
                    -1
                ]
            ],
            "color": [
                0.9919999837875366,
                0.9919999837875366,
                0.5879999995231628
            ],
            "fixed": false,
            "rotationLevel": 2,
            "snapPanel": null,
            "transform": [
                0.05937458574771881,
                -0.9979619383811951,
                0.02339271828532219,
                0.0,
                0.9979838728904724,
                0.05881662666797638,
                -0.023860078305006027,
                0.0,
                0.022435538470745087,
                0.02476220764219761,
                0.9994407892227173,
                0.0,
                -2.82987642288208,
                12.087905883789063,
                1.5133930444717407,
                1.0
            ]
        },
        {
            "barriers": [],
            "blocks": [
                [
                    0,
                    0
                ],
                [
                    -1,
                    0
                ],
                [
                    0,
                    -1
                ]
            ],
            "color": [
                0.9919999837875366,
                0.9919999837875366,
                0.5879999995231628
            ],
            "fixed": false,
            "rotationLevel": 2,
            "snapPanel": null,
            "transform": [
                0.1300782561302185,
                0.9402555823326111,
                -0.31464123725891113,
                0.0,
                0.991500735282898,
                -0.12412666529417038,
                0.03897140547633171,
                0.0,
                -0.0024122591130435467,
                -0.31703630089759827,
                -0.948410153388977,
                0.0,
                3.3614752292633057,
                17.585451126098633,
                1.4325252771377563,
                1.0
            ]
        },
        {
            "barriers": [],
            "blocks": [
                [
                    0,
                    0
                ],
                [
                    -1,
                    0
                ],
                [
                    0,
                    -1
                ]
            ],
            "color": [
                0.9919999837875366,
                0.9919999837875366,
                0.5879999995231628
            ],
            "fixed": false,
            "rotationLevel": 2,
            "snapPanel": null,
            "transform": [
                0.9984967112541199,
                0.0523417629301548,
                0.01602288894355297,
                0.0,
                0.05204267427325249,
                -0.9984685182571411,
                0.018545934930443764,
                0.0,
                0.016969211399555206,
                -0.017684321850538254,
                -0.9996995329856873,
                0.0,
                3.9098780155181885,
                17.360103607177734,
                1.4276601076126099,
                1.0
            ]
        },
        {
            "barriers": [],
            "blocks": [
                [
                    0,
                    0
                ],
                [
                    -1,
                    0
                ],
                [
                    0,
                    -1
                ]
            ],
            "color": [
                0.9919999837875366,
                0.9919999837875366,
                0.5879999995231628
            ],
            "fixed": false,
            "rotationLevel": 2,
            "snapPanel": null,
            "transform": [
                -0.5254414081573486,
                -0.8508076071739197,
                0.006100761704146862,
                0.0,
                0.8506606221199036,
                -0.5251806378364563,
                0.023717736825346947,
                0.0,
                -0.016975224018096924,
                0.017651954665780067,
                0.9997000098228455,
                0.0,
                3.294063091278076,
                17.179780960083008,
                1.3578752279281616,
                1.0
            ]
        },
        {
            "barriers": [],
            "blocks": [
                [
                    0,
                    0
                ],
                [
                    -1,
                    0
                ],
                [
                    0,
                    -1
                ]
            ],
            "color": [
                0.9919999837875366,
                0.9919999837875366,
                0.5879999995231628
            ],
            "fixed": false,
            "rotationLevel": 2,
            "snapPanel": null,
            "transform": [
                -0.8514938354492188,
                0.5238250494003296,
                -0.02376560866832733,
                0.0,
                -0.5073939561843872,
                -0.8345273733139038,
                -0.21474318206310272,
                0.0,
                -0.13232098519802094,
                -0.1707940697669983,
                0.9763813018798828,
                0.0,
                3.0148203372955322,
                17.022417068481445,
                1.3735288381576538,
                1.0
            ]
        },
        {
            "barriers": [],
            "blocks": [
                [
                    0,
                    0
                ],
                [
                    -1,
                    0
                ],
                [
                    0,
                    -1
                ],
                [
                    -1,
                    -1
                ]
            ],
            "color": [
                0.9919999837875366,
                0.9919999837875366,
                0.5879999995231628
            ],
            "fixed": false,
            "rotationLevel": 2,
            "snapPanel": null,
            "transform": [
                -0.33070996403694153,
                -0.9434977769851685,
                0.021033627912402153,
                0.0,
                0.9430854320526123,
                -0.3295761048793793,
                0.04437655583024025,
                0.0,
                -0.034937430173158646,
                0.03451269119977951,
                0.9988053441047668,
                0.0,
                2.5623939037323,
                17.844070434570313,
                1.3127906322479248,
                1.0
            ]
        },
        {
            "barriers": [],
            "blocks": [
                [
                    0,
                    0
                ],
                [
                    0,
                    1
                ],
                [
                    0,
                    2
                ],
                [
                    1,
                    0
                ]
            ],
            "color": [
                0.9919999837875366,
                0.9919999837875366,
                0.5879999995231628
            ],
            "fixed": true,
            "rotationLevel": 2,
            "snapCoordinates": [
                2,
                5
            ],
            "snapPanel": 5,
            "transform": [
                -0.024615198373794556,
                0.9996261596679688,
                -0.012003197334706783,
                0.0,
                -0.24616721272468567,
                -0.017698051407933235,
                -0.9690659046173096,
                0.0,
                -0.9689136743545532,
                -0.020898884162306786,
                0.24651014804840088,
                0.0,
                39.63859558105469,
                20.737390518188477,
                10.112873077392578,
                1.0
            ]
        },
        {
            "barriers": [],
            "blocks": [
                [
                    0,
                    0
                ],
                [
                    0,
                    1
                ],
                [
                    0,
                    2
                ],
                [
                    1,
                    0
                ]
            ],
            "color": [
                0.9919999837875366,
                0.9919999837875366,
                0.5879999995231628
            ],
            "fixed": true,
            "rotationLevel": 3,
            "snapCoordinates": [
                0,
                6
            ],
            "snapPanel": 5,
            "transform": [
                -0.2461676448583603,
                -0.017681816592812538,
                -0.9690659642219543,
                0.0,
                0.024611685425043106,
                -0.9996263980865479,
                0.011987430974841118,
                0.0,
                -0.9689134955406189,
                -0.02089937962591648,
                0.2465101182460785,
                0.0,
                39.68194580078125,
                21.181129455566406,
                10.320772171020508,
                1.0
            ]
        },
        {
            "barriers": [],
            "blocks": [
                [
                    0,
                    0
                ],
                [
                    0,
                    1
                ],
                [
                    1,
                    0
                ]
            ],
            "color": [
                0.9919999837875366,
                0.9919999837875366,
                0.5879999995231628
            ],
            "fixed": true,
            "rotationLevel": 3,
            "snapCoordinates": [
                0,
                4
            ],
            "snapPanel": 5,
            "transform": [
                -0.2461676448583603,
                -0.017681816592812538,
                -0.9690659642219543,
                0.0,
                0.024611685425043106,
                -0.9996263980865479,
                0.011987430974841118,
                0.0,
                -0.9689134955406189,
                -0.02089937962591648,
                0.2465101182460785,
                0.0,
                39.57362365722656,
                21.173320770263672,
                9.894384384155273,
                1.0
            ]
        },
        {
            "barriers": [],
            "blocks": [
                [
                    0,
                    0
                ],
                [
                    0,
                    1
                ],
                [
                    0,
                    -1
                ]
            ],
            "color": [
                0.9919999837875366,
                0.9919999837875366,
                0.5879999995231628
            ],
            "fixed": true,
            "rotationLevel": 2,
            "snapCoordinates": [
                1,
                2
            ],
            "snapPanel": 5,
            "transform": [
                -0.024615198373794556,
                0.9996261596679688,
                -0.012003197334706783,
                0.0,
                -0.24616721272468567,
                -0.017698051407933235,
                -0.9690659046173096,
                0.0,
                -0.9689136743545532,
                -0.020898884162306786,
                0.24651014804840088,
                0.0,
                39.47068786621094,
                20.945615768432617,
                9.470640182495117,
                1.0
            ]
        },
        {
            "barriers": [],
            "blocks": [
                [
                    0,
                    0
                ],
                [
                    0,
                    1
                ],
                [
                    0,
                    2
                ],
                [
                    1,
                    0
                ]
            ],
            "color": [
                0.9919999837875366,
                0.9919999837875366,
                0.5879999995231628
            ],
            "fixed": true,
            "rotationLevel": 2,
            "snapCoordinates": [
                5,
                3
            ],
            "snapPanel": 5,
            "transform": [
                -0.024615198373794556,
                0.9996261596679688,
                -0.012003197334706783,
                0.0,
                -0.24616721272468567,
                -0.017698051407933235,
                -0.9690659046173096,
                0.0,
                -0.9689136743545532,
                -0.020898884162306786,
                0.24651014804840088,
                0.0,
                39.546546936035156,
                20.069852828979492,
                9.694427490234375,
                1.0
            ]
        },
        {
            "barriers": [],
            "blocks": [
                [
                    0,
                    0
                ]
            ],
            "color": [
                0.9919999837875366,
                0.9919999837875366,
                0.5879999995231628
            ],
            "fixed": true,
            "rotationLevel": 0,
            "snapCoordinates": [
                3,
                1
            ],
            "snapPanel": 5,
            "transform": [
                0.024623652920126915,
                -0.9996252059936523,
                0.012034635059535503,
                0.0,
                0.24616670608520508,
                0.017730534076690674,
                0.9690653085708618,
                0.0,
                -0.9689133763313293,
                -0.020899387076497078,
                0.24651053547859192,
                0.0,
                39.42741394042969,
                20.50188636779785,
                9.262744903564453,
                1.0
            ]
        },
        {
            "barriers": [],
            "blocks": [
                [
                    0,
                    0
                ],
                [
                    -1,
                    0
                ],
                [
                    0,
                    1
                ],
                [
                    0,
                    2
                ]
            ],
            "color": [
                0.9919999837875366,
                0.9919999837875366,
                0.5879999995231628
            ],
            "fixed": true,
            "rotationLevel": 0,
            "snapCoordinates": [
                6,
                0
            ],
            "snapPanel": 5,
            "transform": [
                0.024623652920126915,
                -0.9996252059936523,
                0.012034635059535503,
                0.0,
                0.24616670608520508,
                0.017730534076690674,
                0.9690653085708618,
                0.0,
                -0.9689133763313293,
                -0.020899387076497078,
                0.24651053547859192,
                0.0,
                39.389503479003906,
                19.838241577148438,
                9.057493209838867,
                1.0
            ]
        },
        {
            "barriers": [],
            "blocks": [
                [
                    0,
                    0
                ],
                [
                    0,
                    1
                ],
                [
                    0,
                    2
                ],
                [
                    1,
                    0
                ]
            ],
            "color": [
                0.9919999837875366,
                0.9919999837875366,
                0.5879999995231628
            ],
            "fixed": true,
            "rotationLevel": 1,
            "snapCoordinates": [
                6,
                5
            ],
            "snapPanel": 5,
            "transform": [
                0.24616698920726776,
                0.01771390624344349,
                0.9690654873847961,
                0.0,
                -0.024619486182928085,
                0.9996251463890076,
                -0.01201855018734932,
                0.0,
                -0.9689134955406189,
                -0.02089928835630417,
                0.24651041626930237,
                0.0,
                39.66027069091797,
                19.857725143432617,
                10.123464584350586,
                1.0
            ]
        },
        {
            "barriers": [],
            "blocks": [
                [
                    0,
                    0
                ],
                [
                    0,
                    1
                ],
                [
                    1,
                    0
                ]
            ],
            "color": [
                0.9919999837875366,
                0.9919999837875366,
                0.5879999995231628
            ],
            "fixed": true,
            "rotationLevel": 2,
            "snapCoordinates": [
                6,
