{
    "barriers": [
        {
            "diameter": 3.0,
            "name": "intro.easy-solo",
            "powered": true,
            "transform": [
                2.9779276847839355,
                0.36324506998062134,
                0.0,
                0.0,
                -0.36324506998062134,
                2.9779276847839355,
                0.0,
                0.0,
                0.0,
                0.0,
                1.0,
                0.0,
                12.24120807647705,
                2.522948741912842,
                0.0,
                1.0
            ]
        },
        {
            "diameter": 5.0,
            "name": "intro.easy-duo",
            "powered": false,
            "transform": [
                4.994182109832764,
                0.2411373257637024,
                0.0,
                0.0,
                -0.2411373257637024,
                4.994182109832764,
                0.0,
                0.0,
                0.0,
                0.0,
                1.0,
                0.0,
                -6.679142951965332,
                0.5149967074394226,
                1.6545393466949463,
                1.0
            ]
        },
        {
            "diameter": 12.5,
            "name": "intro.hard-duo",
            "powered": false,
            "transform": [
                12.5,
                0.0,
                0.0,
                0.0,
                0.0,
                12.5,
                0.0,
                0.0,
                0.0,
                0.0,
                1.0,
                0.0,
                0.6262658834457397,
                14.697678565979004,
                1.0155482292175293,
                1.0
            ]
        }
    ],
    "bricks": [
        {
            "barriers": [],
            "blocks": [
                [
                    0,
                    0
                ],
                [
                    1,
                    0
                ],
                [
                    0,
                    1
                ]
            ],
            "color": [
                0.5,
                0.5,
                0.5
            ],
            "fixed": true,
            "rotationLevel": 0,
            "snapCoordinates": [
                0,
                0
            ],
            "snapPanel": 0,
            "transform": [
                0.9856471419334412,
                0.1688149869441986,
                4.39583999423121e-07,
                0.0,
                -0.11937038600444794,
                0.6969568729400635,
                0.7071066498756409,
                0.0,
                0.11937004327774048,
                -0.696958601474762,
                0.7071059942245483,
                0.0,
                7.013349533081055,
                -13.608377456665039,
                2.094590425491333,
                1.0
            ]
        },
        {
            "barriers": [],
            "blocks": [
                [
                    0,
                    0
                ],
                [
                    -1,
                    0
                ],
                [
                    -1,
                    1
                ],
                [
                    -1,
                    -1
                ],
                [
                    0,
                    -1
                ],
                [
                    1,
                    -1
                ]
            ],
            "color": [
                0.9919999837875366,
                0.9919999837875366,
                0.5879999995231628
            ],
            "fixed": false,
            "rotationLevel": 1,
            "snapPanel": null,
            "transform": [
                0.5559848546981812,
                -0.8311921954154968,
                -1.8510402810534288e-07,
                0.0,
                0.8311921954154968,
                0.5559848546981812,
                -4.591513658169788e-08,
                0.0,
                1.410793970535451e-07,
                -1.2832893503400555e-07,
                1.0,
                0.0,
                6.676617622375488,
                -14.082524299621582,
                -2.3135111604233316e-08,
                1.0
            ]
        },
        {
            "barriers": [
                0
            ],
            "blocks": [
                [
                    0,
                    0
                ],
                [
                    0,
                    1
                ],
                [
                    1,
                    0
                ]
            ],
            "color": [
                0.9919999837875366,
                0.9919999837875366,
                0.5879999995231628
            ],
            "fixed": false,
            "rotationLevel": 1,
            "snapPanel": null,
            "transform": [
                -0.9303914308547974,
                0.23164919018745422,
                0.2840935289859772,
                0.0,
                -0.24160277843475342,
                -0.9703741073608398,
                4.343683940533083e-06,
                0.0,
                0.27567845582962036,
                -0.06863385438919067,
                0.9587963819503784,
                0.0,
                13.030274391174316,
                3.0719587802886963,
                0.02343720756471157,
                1.0
            ]
        },
        {
            "barriers": [
                0
            ],
            "blocks": [
                [
                    0,
                    0
                ],
                [
                    0,
                    1
                ],
                [
                    1,
                    0
                ]
            ],
            "color": [
                0.9919999837875366,
                0.9919999837875366,
                0.5879999995231628
            ],
            "fixed": false,
            "rotationLevel": 3,
            "snapPanel": null,
            "transform": [
                0.21559882164001465,
                0.9764820337295532,
                3.941548129660077e-06,
                0.0,
                -0.9764820337295532,
                0.21559882164001465,
                3.231015625715372e-06,
                0.0,
                2.305235511812498e-06,
                -4.545454430626705e-06,
                1.0,
                0.0,
                12.842482566833496,
                3.062772035598755,
                6.335143893920758e-07,
                1.0
            ]
        },
        {
            "barriers": [
                0
            ],
            "blocks": [
                [
                    0,
                    0
                ],
                [
                    0,
                    1
                ]
            ],
            "color": [
                0.9919999837875366,
                0.9919999837875366,
                0.5879999995231628
            ],
            "fixed": false,
            "rotationLevel": 0,
            "snapPanel": null,
            "transform": [
                0.9672967791557312,
                0.25364604592323303,
                1.6267193814201164e-08,
                0.0,
                -0.25364604592323303,
                0.9672967791557312,
                3.6651195411963045e-09,
                0.0,
                -1.480557010324901e-08,
                -7.671372870277082e-09,
                1.0,
                0.0,
                12.72896671295166,
                2.6183435916900635,
                2.8717003774936245e-10,
                1.0
            ]
        },
        {
            "barriers": [
                0
            ],
            "blocks": [
                [
                    0,
                    0
                ]
            ],
            "color": [
                0.9919999837875366,
                0.9919999837875366,
                0.5879999995231628
            ],
            "fixed": true,
            "rotationLevel": 0,
            "snapCoordinates": [
                0,
                0
            ],
            "snapPanel": 1,
            "transform": [
                -0.8595516085624695,
                -0.5091808438301086,
                -0.043513115495443344,
                0.0,
                0.30196231603622437,
                -0.5747413039207458,
                0.7605793476104736,
                0.0,
                -0.4122852683067322,
                0.6406241655349731,
                0.6477795839309692,
                0.0,
                12.255987167358398,
                1.9983338117599487,
                1.0991395711898804,
                1.0
            ]
        },
        {
            "barriers": [
                1
            ],
            "blocks": [
                [
                    0,
                    0
                ],
                [
                    0,
                    1
                ],
                [
                    1,
                    0
                ]
            ],
            "color": [
                0.9919999837875366,
                0.9919999837875366,
                0.5879999995231628
            ],
            "fixed": false,
            "rotationLevel": 0,
            "snapPanel": null,
            "transform": [
                0.2383633553981781,
                -0.9688701629638672,
                0.06688214093446732,
                0.0,
                -0.9711262583732605,
                -0.23708830773830414,
                0.026509437710046768,
                0.0,
                -0.009827223606407642,
                -0.07126988470554352,
                -0.9974085688591003,
                0.0,
                -6.746021270751953,
                1.2773858308792114,
                1.869480848312378,
                1.0
            ]
        },
        {
            "barriers": [
                1
            ],
            "blocks": [
                [
                    0,
                    0
                ],
                [
                    0,
                    1
                ],
                [
                    1,
                    0
                ]
            ],
            "color": [
                0.9919999837875366,
                0.9919999837875366,
                0.5879999995231628
            ],
            "fixed": false,
            "rotationLevel": 1,
            "snapPanel": null,
            "transform": [
                0.9630146026611328,
                0.2679221034049988,
                -0.028632041066884995,
                0.0,
                -0.2692684829235077,
                0.96080082654953,
                -0.06600052863359451,
                0.0,
                0.009826693683862686,
                0.071269191801548,
                0.997408390045166,
                0.0,
                -6.869073867797852,
                0.2192402482032776,
                1.8836400508880615,
                1.0
            ]
        },
        {
            "barriers": [
                1
            ],
            "blocks": [
                [
                    0,
                    0
                ],
                [
                    0,
                    1
                ],
                [
                    1,
                    0
                ]
            ],
            "color": [
                0.9919999837875366,
                0.9919999837875366,
                0.5879999995231628
            ],
            "fixed": false,
            "rotationLevel": 0,
            "snapPanel": null,
            "transform": [
                0.9776598215103149,
                -0.21012456715106964,
                0.005382450297474861,
                0.0,
                0.20996364951133728,
                0.9750734567642212,
                -0.07174185663461685,
                0.0,
                0.00982644222676754,
                0.07126925140619278,
                0.9974085688591003,
                0.0,
                -6.44150447845459,
                1.1451631784439087,
                1.8132660388946533,
                1.0
            ]
        },
        {
            "barriers": [
                1
            ],
            "blocks": [
                [
                    0,
                    0
                ],
                [
                    0,
                    1
                ]
            ],
            "color": [
                0.9919999837875366,
                0.9919999837875366,
                0.5879999995231628
            ],
            "fixed": false,
            "rotationLevel": 0,
            "snapPanel": null,
            "transform": [
                -0.48048484325408936,
                0.8750962615013123,
                -0.05779571831226349,
                0.0,
                -0.8769474625587463,
                -0.4786716401576996,
                0.04284335672855377,
                0.0,
                0.009826891124248505,
                0.0712694302201271,
                0.9974085092544556,
                0.0,
                -6.857071399688721,
                -0.200195774435997,
                1.9134923219680786,
                1.0
            ]
        },
        {
            "barriers": [
                1
            ],
            "blocks": [
                [
                    0,
                    0
                ],
                [
                    0,
                    1
                ]
            ],
            "color": [
                0.9919999837875366,
                0.9919999837875366,
                0.5879999995231628
            ],
            "fixed": false,
            "rotationLevel": 0,
            "snapPanel": null,
            "transform": [
                0.8177060484886169,
                -0.5746893286705017,
                0.032997217029333115,
                0.0,
                0.5587602257728577,
                0.8062068819999695,
                0.19446654617786407,
                0.0,
                -0.1383604258298874,
                -0.14057892560958862,
                0.9803537726402283,
                0.0,
                -6.494269371032715,
                -0.11128632724285126,
                1.9248145818710327,
                1.0
            ]
        },
        {
            "barriers": [
                1
            ],
            "blocks": [
                [
                    0,
                    0
                ],
                [
                    0,
                    1
                ]
            ],
            "color": [
                0.9919999837875366,
                0.9919999837875366,
                0.5879999995231628
            ],
            "fixed": false,
            "rotationLevel": 0,
            "snapPanel": null,
            "transform": [
                -0.7343562841415405,
                -0.6764849424362183,
                0.05557306855916977,
                0.0,
                -0.6786926984786987,
                0.7329996228218079,
                -0.04568953812122345,
                0.0,
                -0.009826756082475185,
                -0.0712694525718689,
                -0.997408390045166,
                0.0,
                -6.159431457519531,
                0.3013627231121063,
                1.9334427118301392,
                1.0
            ]
        },
        {
            "barriers": [
                1
            ],
            "blocks": [
                [
                    0,
                    0
                ],
                [
                    0,
                    1
                ],
                [
                    0,
                    2
                ]
            ],
            "color": [
                0.9919999837875366,
                0.9919999837875366,
                0.5879999995231628
            ],
            "fixed": false,
            "rotationLevel": 0,
            "snapPanel": null,
            "transform": [
                0.23379167914390564,
                -0.9699748158454895,
                0.06700799614191055,
                0.0,
                0.9722369313240051,
                0.23252758383750916,
                -0.026191523298621178,
                0.0,
                0.009823913685977459,
                0.07127102464437485,
                0.9974085688591003,
                0.0,
                -6.793671131134033,
                0.02607417292892933,
                1.896700143814087,
                1.0
            ]
        },
        {
            "barriers": [],
            "blocks": [
                [
                    0,
                    0
                ],
                [
                    0,
                    1
                ],
                [
                    0,
                    2
                ],
                [
                    1,
                    0
                ]
            ],
            "color": [
                0.9919999837875366,
                0.9919999837875366,
                0.5879999995231628
            ],
            "fixed": true,
            "rotationLevel": 0,
            "snapCoordinates": [
                0,
                0
            ],
            "snapPanel": 5,
            "transform": [
                0.024623652920126915,
                -0.9996252059936523,
                0.012034635059535503,
                0.0,
                0.24616670608520508,
                0.017730534076690674,
                0.9690653085708618,
                0.0,
                -0.9689133763313293,
                -0.020899387076497078,
                0.24651053547859192,
                0.0,
                39.35700225830078,
                21.157730102539063,
                9.041606903076172,
                1.0
            ]
        },
        {
            "barriers": [],
            "blocks": [
                [
                    0,
                    0
                ],
                [
                    -1,
                    0
                ],
                [
                    0,
                    -1
                ]
            ],
            "color": [
                0.9919999837875366,
                0.9919999837875366,
                0.5879999995231628
            ],
            "fixed": false,
            "rotationLevel": 1,
            "snapPanel": null,
            "transform": [
                0.226249560713768,
                -0.974069356918335,
                -3.426814146223478e-06,
                0.0,
                0.974069356918335,
                0.226249560713768,
                -8.59773933825636e-07,
                0.0,
                1.6127949038491352e-06,
                -3.1434315133083146e-06,
                1.0,
                0.0,
                -1.222680687904358,
                11.77619743347168,
                1.632319452937736e-07,
                1.0
            ]
        },
        {
            "barriers": [],
            "blocks": [
                [
                    0,
                    0
                ]
            ],
            "color": [
                0.9919999837875366,
                0.9919999837875366,
                0.5879999995231628
            ],
            "fixed": true,
            "rotationLevel": 0,
            "snapCoordinates": [
                3,
                1
            ],
            "snapPanel": 4,
            "transform": [
                0.5474785566329956,
                -0.8368167281150818,
                -0.002537580206990242,
                0.0,
                0.35598453879356384,
                0.23015260696411133,
                0.9057087302207947,
                0.0,
                -0.7573263645172119,
                -0.49675819277763367,
                0.4238963723182678,
                0.0,
                -0.6444386839866638,
                11.214940071105957,
                2.2079315185546875,
                1.0
            ]
        },
        {
            "barriers": [],
            "blocks": [
                [
                    0,
                    0
                ],
                [
                    -1,
                    0
                ],
                [
                    0,
                    -1
                ]
            ],
            "color": [
                0.9919999837875366,
                0.9919999837875366,
                0.5879999995231628
            ],
            "fixed": false,
            "rotationLevel": 1,
            "snapPanel": null,
            "transform": [
                0.618840217590332,
                0.7855168581008911,
                -8.547377206014062e-07,
                0.0,
                -0.7855168581008911,
                0.618840217590332,
                -3.411408442843822e-06,
                0.0,
                -2.1507730707526207e-06,
                2.7825274173665093e-06,
                1.0,
                0.0,
                -0.7591912746429443,
                11.581855773925781,
                1.6311082617903594e-07,
                1.0
            ]
        },
        {
            "barriers": [],
            "blocks": [
                [
                    0,
                    0
                ],
                [
                    -1,
                    0
                ],
                [
                    0,
                    -1
                ]
            ],
            "color": [
                0.9919999837875366,
                0.9919999837875366,
                0.5879999995231628
            ],
            "fixed": false,
            "rotationLevel": 1,
            "snapPanel": null,
            "transform": [
                -0.999701738357544,
                0.02443183772265911,
                6.521122031699633e-06,
                0.0,
                -0.023429621011018753,
                -0.9586172103881836,
                -0.2837323248386383,
                0.0,
                -0.006925848312675953,
                -0.283647745847702,
                0.9589033722877502,
                0.0,
                -1.5981398820877075,
                11.550755500793457,
                0.023411979898810387,
                1.0
            ]
        },
        {
            "barriers": [],
            "blocks": [
                [
                    0,
                    0
                ],
                [
                    -1,
                    0
                ],
                [
                    0,
                    -1
                ]
            ],
            "color": [
                0.9919999837875366,
                0.9919999837875366,
                0.5879999995231628
            ],
            "fixed": false,
            "rotationLevel": 2,
            "snapPanel": null,
            "transform": [
                -0.7355688214302063,
                0.6774499416351318,
                3.7153554330870975e-06,
                0.0,
                -0.6774499416351318,
                -0.7355688214302063,
                -1.4453567018790636e-05,
                0.0,
                -7.058669325488154e-06,
                -1.3148562175047118e-05,
                1.0,
                0.0,
                -1.9114552736282349,
                11.833393096923828,
                2.1044540972070536e-06,
                1.0
            ]
        },
        {
            "barriers": [],
            "blocks": [
                [
                    0,
                    0
                ],
                [
                    -1,
                    0
                ],
                [
                    0,
                    -1
                ]
            ],
            "color": [
                0.9919999837875366,
                0.9919999837875366,
                0.5879999995231628
            ],
            "fixed": false,
            "rotationLevel": 2,
            "snapPanel": null,
            "transform": [
                -0.007313489448279142,
                -0.0004821940965484828,
                -0.9999729990959167,
                0.0,
                0.06534666568040848,
                -0.997862696647644,
                3.244728304707678e-06,
                0.0,
                -0.9978355765342712,
                -0.06534487009048462,
                0.007329522166401148,
                0.0,
                3.4005348682403564,
                17.598495483398438,
                0.08249857276678085,
                1.0
            ]
        },
        {
            "barriers": [],
            "blocks": [
                [
                    0,
                    0
                ],
                [
                    -1,
                    0
                ],
                [
                    0,
                    -1
                ]
            ],
            "color": [
                0.9919999837875366,
                0.9919999837875366,
                0.5879999995231628
            ],
            "fixed": false,
            "rotationLevel": 2,
            "snapPanel": null,
            "transform": [
                0.01837301068007946,
                0.9998310804367065,
                1.4371571488425161e-08,
                0.0,
                -0.9998310804367065,
                0.01837301068007946,
                -6.681589947987732e-09,
                0.0,
                -6.944511632411832e-09,
                -1.4246387181060527e-08,
                1.0,
                0.0,
                3.8381052017211914,
                17.241853713989258,
                5.923117551986934e-11,
                1.0
            ]
        },
        {
            "barriers": [],
            "blocks": [
                [
                    0,
                    0
                ],
                [
                    -1,
                    0
                ],
                [
                    0,
                    -1
                ]
            ],
            "color": [
                0.9919999837875366,
                0.9919999837875366,
                0.5879999995231628
            ],
            "fixed": false,
            "rotationLevel": 2,
            "snapPanel": null,
            "transform": [
                -0.9982224702835083,
                -0.05958966165781021,
                -9.861344733508304e-05,
                0.0,
                0.05958966910839081,
                -0.998222827911377,
                0.00016148496069945395,
                0.0,
                -0.00010806108184624463,
                0.00015532164252363145,
                0.9999999403953552,
                0.0,
                3.2595911026000977,
                17.508142471313477,
                -2.2210537281353027e-05,
                1.0
            ]
        },
        {
            "barriers": [],
            "blocks": [
                [
                    0,
                    0
                ],
                [
                    -1,
                    0
                ],
                [
                    0,
                    -1
                ]
            ],
            "color": [
                0.9919999837875366,
                0.9919999837875366,
                0.5879999995231628
            ],
            "fixed": false,
            "rotationLevel": 2,
            "snapPanel": null,
            "transform": [
                -0.9983832836151123,
                0.056835342198610306,
                4.7129531388634405e-09,
                0.0,
                -0.056835342198610306,
                -0.9983832836151123,
                -6.787444828404432e-09,
                0.0,
                4.319570034994058e-09,
                -7.044338445894027e-09,
                1.0,
                0.0,
                3.0250465869903564,
                17.32242202758789,
                -6.358455983956901e-10,
                1.0
            ]
        },
        {
            "barriers": [],
            "blocks": [
                [
                    0,
                    0
                ],
                [
                    -1,
                    0
                ],
                [
                    0,
                    -1
                ],
                [
                    -1,
                    -1
                ]
            ],
            "color": [
                0.9919999837875366,
                0.9919999837875366,
                0.5879999995231628
            ],
            "fixed": false,
            "rotationLevel": 2,
            "snapPanel": null,
            "transform": [
                0.6629731059074402,
                0.7486431002616882,
                9.406141143752933e-11,
                0.0,
                0.748643159866333,
                -0.662973165512085,
                2.818469013732283e-09,
                0.0,
                2.172387825183364e-09,
                -1.7981509614628521e-09,
                -1.0,
                0.0,
                2.5518076419830322,
                17.66096305847168,
                0.0625,
                1.0
            ]
        },
        {
            "barriers": [],
            "blocks": [
                [
                    0,
                    0
                ],
                [
                    0,
                    1
                ],
                [
                    0,
                    2
                ],
                [
                    1,
                    0
                ]
            ],
            "color": [
                0.9919999837875366,
                0.9919999837875366,
                0.5879999995231628
            ],
            "fixed": true,
            "rotationLevel": 2,
            "snapCoordinates": [
                2,
                5
            ],
            "snapPanel": 5,
            "transform": [
                -0.024615198373794556,
                0.9996261596679688,
                -0.012003197334706783,
                0.0,
                -0.24616721272468567,
                -0.017698051407933235,
                -0.9690659046173096,
                0.0,
                -0.9689136743545532,
                -0.020898884162306786,
                0.24651014804840088,
                0.0,
                39.63859558105469,
                20.737390518188477,
                10.112873077392578,
                1.0
            ]
        },
        {
            "barriers": [],
            "blocks": [
                [
                    0,
                    0
                ],
                [
                    0,
                    1
                ],
                [
                    0,
                    2
                ],
                [
                    1,
                    0
                ]
            ],
            "color": [
                0.9919999837875366,
                0.9919999837875366,
                0.5879999995231628
            ],
            "fixed": true,
            "rotationLevel": 3,
            "snapCoordinates": [
                0,
                6
            ],
            "snapPanel": 5,
            "transform": [
                -0.2461676448583603,
                -0.017681816592812538,
                -0.9690659642219543,
                0.0,
                0.024611685425043106,
                -0.9996263980865479,
                0.011987430974841118,
                0.0,
                -0.9689134955406189,
                -0.02089937962591648,
                0.2465101182460785,
                0.0,
                39.68194580078125,
                21.181129455566406,
                10.320772171020508,
                1.0
            ]
        },
        {
            "barriers": [],
            "blocks": [
                [
                    0,
                    0
                ],
                [
                    0,
                    1
                ],
                [
                    1,
                    0
                ]
            ],
            "color": [
                0.9919999837875366,
                0.9919999837875366,
                0.5879999995231628
            ],
            "fixed": true,
            "rotationLevel": 3,
            "snapCoordinates": [
                0,
                4
            ],
            "snapPanel": 5,
            "transform": [
                -0.2461676448583603,
                -0.017681816592812538,
                -0.9690659642219543,
                0.0,
                0.024611685425043106,
                -0.9996263980865479,
                0.011987430974841118,
                0.0,
                -0.9689134955406189,
                -0.02089937962591648,
                0.2465101182460785,
                0.0,
                39.57362365722656,
                21.173320770263672,
                9.894384384155273,
                1.0
            ]
        },
        {
            "barriers": [],
            "blocks": [
                [
                    0,
                    0
                ],
                [
                    0,
                    1
                ],
                [
                    0,
                    -1
                ]
            ],
            "color": [
                0.9919999837875366,
                0.9919999837875366,
                0.5879999995231628
            ],
            "fixed": true,
            "rotationLevel": 2,
            "snapCoordinates": [
                1,
                2
            ],
            "snapPanel": 5,
            "transform": [
                -0.024615198373794556,
                0.9996261596679688,
                -0.012003197334706783,
                0.0,
                -0.24616721272468567,
                -0.017698051407933235,
                -0.9690659046173096,
                0.0,
                -0.9689136743545532,
                -0.020898884162306786,
                0.24651014804840088,
                0.0,
                39.47068786621094,
                20.945615768432617,
                9.470640182495117,
                1.0
            ]
        },
        {
            "barriers": [],
            "blocks": [
                [
                    0,
                    0
                ],
                [
                    0,
                    1
                ],
                [
                    0,
                    2
                ],
                [
                    1,
                    0
                ]
            ],
            "color": [
                0.9919999837875366,
                0.9919999837875366,
                0.5879999995231628
            ],
            "fixed": true,
            "rotationLevel": 2,
            "snapCoordinates": [
                5,
                3
            ],
            "snapPanel": 5,
            "transform": [
                -0.024615198373794556,
                0.9996261596679688,
                -0.012003197334706783,
                0.0,
                -0.24616721272468567,
                -0.017698051407933235,
                -0.9690659046173096,
                0.0,
                -0.9689136743545532,
                -0.020898884162306786,
                0.24651014804840088,
                0.0,
                39.546546936035156,
                20.069852828979492,
                9.694427490234375,
                1.0
            ]
        },
        {
            "barriers": [],
            "blocks": [
                [
                    0,
                    0
                ]
            ],
            "color": [
                0.9919999837875366,
                0.9919999837875366,
                0.5879999995231628
            ],
            "fixed": true,
            "rotationLevel": 0,
            "snapCoordinates": [
                3,
                1
            ],
            "snapPanel": 5,
            "transform": [
                0.024623652920126915,
                -0.9996252059936523,
                0.012034635059535503,
                0.0,
                0.24616670608520508,
                0.017730534076690674,
                0.9690653085708618,
                0.0,
                -0.9689133763313293,
                -0.020899387076497078,
                0.24651053547859192,
                0.0,
                39.42741394042969,
                20.50188636779785,
                9.262744903564453,
                1.0
            ]
        },
        {
            "barriers": [],
            "blocks": [
                [
                    0,
                    0
                ],
                [
                    -1,
                    0
                ],
                [
                    0,
                    1
                ],
                [
                    0,
                    2
                ]
            ],
            "color": [
                0.9919999837875366,
                0.9919999837875366,
                0.5879999995231628
            ],
            "fixed": true,
            "rotationLevel": 0,
            "snapCoordinates": [
                6,
                0
            ],
            "snapPanel": 5,
            "transform": [
                0.024623652920126915,
                -0.9996252059936523,
                0.012034635059535503,
                0.0,
                0.24616670608520508,
                0.017730534076690674,
                0.9690653085708618,
                0.0,
                -0.9689133763313293,
                -0.020899387076497078,
                0.24651053547859192,
                0.0,
                39.389503479003906,
                19.838241577148438,
                9.057493209838867,
                1.0
            ]
        },
        {
            "barriers": [],
            "blocks": [
                [
                    0,
                    0
                ],
                [
                    0,
                    1
                ],
                [
                    0,
                    2
                ],
                [
                    1,
                    0
                ]
            ],
            "color": [
                0.9919999837875366,
                0.9919999837875366,
                0.5879999995231628
            ],
            "fixed": true,
            "rotationLevel": 1,
            "snapCoordinates": [
                6,
                5
            ],
            "snapPanel": 5,
            "transform": [
                0.24616698920726776,
                0.01771390624344349,
                0.9690654873847961,
                0.0,
                -0.024619486182928085,
                0.9996251463890076,
                -0.01201855018734932,
                0.0,
                -0.9689134955406189,
                -0.02089928835630417,
                0.24651041626930237,
                0.0,
                39.66027069091797,
                19.857725143432617,
                10.123464584350586,
                1.0
            ]
        },
        {
            "barriers": [],
            "blocks": [
                [
                    0,
                    0
                ],
                [
                    0,
                    1
                ],
                [
                    1,
                    0
                ]
            ],
            "color": [
                0.9919999837875366,
                0.9919999837875366,
                0.5879999995231628
            ],
            "fixed": true,
            "rotationLevel": 2,
            "snapCoordinates": [
                6,
                4
            ],
