{
    "barriers": [
        {
            "diameter": 3.0,
            "name": "intro.easy-solo",
            "powered": true,
            "transform": [
                2.9779276847839355,
                0.3632451295852661,
                0.0,
                0.0,
                -0.3632451295852661,
                2.9779276847839355,
                0.0,
                0.0,
                0.0,
                0.0,
                1.0,
                0.0,
                12.24120807647705,
                2.522948741912842,
                0.0,
                1.0
            ]
        },
        {
            "diameter": 5.0,
            "name": "intro.easy-duo",
            "powered": false,
            "transform": [
                4.994182109832764,
                0.2411373257637024,
                0.0,
                0.0,
                -0.2411373257637024,
                4.994182109832764,
                0.0,
                0.0,
                0.0,
                0.0,
                1.0,
                0.0,
                -6.679142951965332,
                0.5149967074394226,
                0.8307151794433594,
                1.0
            ]
        },
        {
            "diameter": 12.5,
            "name": "intro.hard-duo",
            "powered": false,
            "transform": [
                12.5,
                0.0,
                0.0,
                0.0,
                0.0,
                12.5,
                0.0,
                0.0,
                0.0,
                0.0,
                1.0,
                0.0,
                0.6262658834457397,
                14.697678565979004,
                1.0155482292175293,
                1.0
            ]
        }
    ],
    "bricks": [
        {
            "barriers": [],
            "blocks": [
                [
                    0,
                    0
                ],
                [
                    1,
                    0
                ],
                [
                    0,
                    1
                ]
            ],
            "color": [
                0.5,
                0.5,
                0.5
            ],
            "fixed": true,
            "rotationLevel": 0,
            "snapCoordinates": [
                0,
                0
            ],
            "snapPanel": 0,
            "transform": [
                0.9856471419334412,
                0.1688149869441986,
                4.3213350409132545e-07,
                0.0,
                -0.11937027424573898,
                0.6969569325447083,
                0.7071065902709961,
                0.0,
                0.11936995387077332,
                -0.6969583034515381,
                0.7071061730384827,
                0.0,
                7.013349533081055,
                -13.90515422821045,
                1.0545583963394165,
                1.0
            ]
        },
        {
            "barriers": [],
            "blocks": [
                [
                    0,
                    0
                ],
                [
                    -1,
                    0
                ],
                [
                    -1,
                    1
                ],
                [
                    -1,
                    -1
                ],
                [
                    0,
                    -1
                ],
                [
                    1,
                    -1
                ]
            ],
            "color": [
                0.9919999837875366,
                0.9919999837875366,
                0.5879999995231628
            ],
            "fixed": false,
            "rotationLevel": 1,
            "snapPanel": null,
            "transform": [
                0.5564183592796326,
                -0.8309023380279541,
                -1.0791538443299942e-05,
                0.0,
                0.8309023380279541,
                0.5564183592796326,
                -5.498518476088066e-07,
                0.0,
                6.461483280872926e-06,
                -8.660766980028711e-06,
                1.0,
                0.0,
                6.676460266113281,
                -14.379183769226074,
                -1.4396458709597937e-06,
                1.0
            ]
        },
        {
            "barriers": [
                0
            ],
            "blocks": [
                [
                    0,
                    0
                ],
                [
                    0,
                    1
                ],
                [
                    1,
                    0
                ]
            ],
            "color": [
                0.9919999837875366,
                0.9919999837875366,
                0.5879999995231628
            ],
            "fixed": false,
            "rotationLevel": 1,
            "snapPanel": null,
            "transform": [
                -0.947959303855896,
                0.14376775920391083,
                0.2840845584869385,
                0.0,
                -0.14994536340236664,
                -0.9886941909790039,
                9.08970832824707e-07,
                0.0,
                0.2808728814125061,
                -0.042596299201250076,
                0.9587992429733276,
                0.0,
                13.026028633117676,
                3.058210849761963,
                0.023436978459358215,
                1.0
            ]
        },
        {
            "barriers": [
                0
            ],
            "blocks": [
                [
                    0,
                    0
                ],
                [
                    0,
                    1
                ],
                [
                    1,
                    0
                ]
            ],
            "color": [
                0.9919999837875366,
                0.9919999837875366,
                0.5879999995231628
            ],
            "fixed": false,
            "rotationLevel": 3,
            "snapPanel": null,
            "transform": [
                0.20277059078216553,
                0.9792262315750122,
                7.342029675783124e-06,
                0.0,
                -0.9792262315750122,
                0.20277059078216553,
                3.34883043251466e-06,
                0.0,
                1.790515170796425e-06,
                -7.868552529544104e-06,
                1.0,
                0.0,
                12.842960357666016,
                3.0633363723754883,
                -3.770783223444596e-07,
                1.0
            ]
        },
        {
            "barriers": [
                0
            ],
            "blocks": [
                [
                    0,
                    0
                ],
                [
                    0,
                    1
                ]
            ],
            "color": [
                0.9919999837875366,
                0.9919999837875366,
                0.5879999995231628
            ],
            "fixed": false,
            "rotationLevel": 0,
            "snapPanel": null,
            "transform": [
                0.9674553275108337,
                0.25304198265075684,
                4.138397358133261e-08,
                0.0,
                -0.25304198265075684,
                0.9674553275108337,
                4.927373709051608e-08,
                0.0,
                -2.7568820115675408e-08,
                -5.814202097553789e-08,
                1.0,
                0.0,
                12.730541229248047,
                2.618248462677002,
                -5.293746330181648e-09,
                1.0
            ]
        },
        {
            "barriers": [
                0
            ],
            "blocks": [
                [
                    0,
                    0
                ]
            ],
            "color": [
                0.9919999837875366,
                0.9919999837875366,
                0.5879999995231628
            ],
            "fixed": true,
            "rotationLevel": 0,
            "snapCoordinates": [
                0,
                0
            ],
            "snapPanel": 1,
            "transform": [
                -0.8595516085624695,
                -0.5091808438301086,
                -0.043513115495443344,
                0.0,
                0.30196231603622437,
                -0.5747413039207458,
                0.7605793476104736,
                0.0,
                -0.4122852683067322,
                0.6406241655349731,
                0.6477795839309692,
                0.0,
                12.255987167358398,
                1.9983338117599487,
                1.0991395711898804,
                1.0
            ]
        },
        {
            "barriers": [
                1
            ],
            "blocks": [
                [
                    0,
                    0
                ],
                [
                    0,
                    1
                ],
                [
                    1,
                    0
                ]
            ],
            "color": [
                0.9919999837875366,
                0.9919999837875366,
                0.5879999995231628
            ],
            "fixed": false,
            "rotationLevel": 0,
            "snapPanel": null,
            "transform": [
                0.996201753616333,
                -0.08707505464553833,
                -7.240825539156504e-08,
                0.0,
                0.08707505464553833,
                0.996201753616333,
                -2.175417193939211e-06,
                0.0,
                2.615578011955222e-07,
                2.160849362553563e-06,
                1.0,
                0.0,
                -6.30413293838501,
                2.1170239448547363,
                -1.7327658952126512e-07,
                1.0
            ]
        },
        {
            "barriers": [
                1
            ],
            "blocks": [
                [
                    0,
                    0
                ],
                [
                    0,
                    1
                ],
                [
                    1,
                    0
                ]
            ],
            "color": [
                0.9919999837875366,
                0.9919999837875366,
                0.5879999995231628
            ],
            "fixed": false,
            "rotationLevel": 1,
            "snapPanel": null,
            "transform": [
                -0.26397883892059326,
                0.9645283818244934,
                -2.1405906380778106e-08,
                0.0,
                -0.9645283818244934,
                -0.26397883892059326,
                9.642412202026662e-09,
                0.0,
                3.6496734523439045e-09,
                2.319199765565827e-08,
                1.0,
                0.0,
                -5.751763820648193,
                1.7339729070663452,
                -3.0647279158912966e-10,
                1.0
            ]
        },
        {
            "barriers": [
                1
            ],
            "blocks": [
                [
                    0,
                    0
                ],
                [
                    0,
                    1
                ],
                [
                    1,
                    0
                ]
            ],
            "color": [
                0.9919999837875366,
                0.9919999837875366,
                0.5879999995231628
            ],
            "fixed": false,
            "rotationLevel": 0,
            "snapPanel": null,
            "transform": [
                0.9869990348815918,
                0.1607261598110199,
                1.0027993546657399e-08,
                0.0,
                -0.1607261598110199,
                0.9869990348815918,
                1.1866135629645669e-08,
                0.0,
                -7.990421657666502e-09,
                -1.3323625758232538e-08,
                1.0,
                0.0,
                -5.900900363922119,
                2.115997552871704,
                -4.840843281783691e-10,
                1.0
            ]
        },
        {
            "barriers": [
                1
            ],
            "blocks": [
                [
                    0,
                    0
                ],
                [
                    0,
                    1
                ]
            ],
            "color": [
                0.9919999837875366,
                0.9919999837875366,
                0.5879999995231628
            ],
            "fixed": false,
            "rotationLevel": 0,
            "snapPanel": null,
            "transform": [
                -0.7912524938583374,
                0.6114896535873413,
                1.752068179428079e-08,
                0.0,
                -0.6114896535873413,
                -0.7912524938583374,
                1.675072525131327e-09,
                0.0,
                1.4887571175847825e-08,
                -9.388309685220975e-09,
                1.0,
                0.0,
                -6.756254196166992,
                -0.6640682816505432,
                -1.3342918991909869e-09,
                1.0
            ]
        },
        {
            "barriers": [
                1
            ],
            "blocks": [
                [
                    0,
                    0
                ],
                [
                    0,
                    1
                ]
            ],
            "color": [
                0.9919999837875366,
                0.9919999837875366,
                0.5879999995231628
            ],
            "fixed": false,
            "rotationLevel": 0,
            "snapPanel": null,
            "transform": [
                -0.9981391429901123,
                -0.06097811460494995,
                6.409687891562044e-09,
                0.0,
                0.06097811460494995,
                -0.9981391429901123,
                1.5107074702314094e-08,
                0.0,
                5.476558762040895e-09,
                1.5469813874346983e-08,
                1.0,
                0.0,
                -7.108088970184326,
                -0.5510794520378113,
                -1.118126924382068e-09,
                1.0
            ]
        },
        {
            "barriers": [
                1
            ],
            "blocks": [
                [
                    0,
                    0
                ],
                [
                    0,
                    1
                ]
            ],
            "color": [
                0.9919999837875366,
                0.9919999837875366,
                0.5879999995231628
            ],
            "fixed": false,
            "rotationLevel": 0,
            "snapPanel": null,
            "transform": [
                0.9430960416793823,
                0.3325205147266388,
                3.317103391964338e-08,
                0.0,
                -0.3325205147266388,
                0.9430960416793823,
                -7.575326890219003e-07,
                0.0,
                -2.831786503065814e-07,
                7.033960400804062e-07,
                1.0,
                0.0,
                -7.296566486358643,
                -1.439346432685852,
                -6.000458085964055e-08,
                1.0
            ]
        },
        {
            "barriers": [
                1
            ],
            "blocks": [
                [
                    0,
                    0
                ],
                [
                    0,
                    1
                ],
                [
                    0,
                    2
                ]
            ],
            "color": [
                0.9919999837875366,
                0.9919999837875366,
                0.5879999995231628
            ],
            "fixed": false,
            "rotationLevel": 0,
            "snapPanel": null,
            "transform": [
                0.3851609230041504,
                -0.9228494167327881,
                1.1398394228478992e-08,
                0.0,
                0.9228494167327881,
                0.3851609230041504,
                7.828397485809546e-09,
                0.0,
                -1.1614647910107578e-08,
                7.503809129616457e-09,
                1.0,
                0.0,
                -6.678122520446777,
                -0.988759458065033,
                -1.3229233264411278e-09,
                1.0
            ]
        },
        {
            "barriers": [],
            "blocks": [
                [
                    0,
                    0
                ],
                [
                    0,
                    1
                ],
                [
                    0,
                    2
                ],
                [
                    1,
                    0
                ]
            ],
            "color": [
                0.9919999837875366,
                0.9919999837875366,
                0.5879999995231628
            ],
            "fixed": true,
            "rotationLevel": 0,
            "snapCoordinates": [
                0,
                0
            ],
            "snapPanel": 5,
            "transform": [
                -0.24889352917671204,
                -0.9684572815895081,
                0.012034637853503227,
                0.0,
                0.24167239665985107,
                -0.05006766319274902,
                0.9690654277801514,
                0.0,
                -0.9378939270973206,
                0.24410197138786316,
                0.24651026725769043,
                0.0,
                21.57822036743164,
                0.24061203002929688,
                0.9854588508605957,
                1.0
            ]
        },
        {
            "barriers": [],
            "blocks": [
                [
                    0,
                    0
                ],
                [
                    -1,
                    0
                ],
                [
                    0,
                    -1
                ]
            ],
            "color": [
                0.9919999837875366,
                0.9919999837875366,
                0.5879999995231628
            ],
            "fixed": false,
            "rotationLevel": 1,
            "snapPanel": null,
            "transform": [
                -0.19451311230659485,
                -0.9808915257453918,
                -0.0040888055227696896,
                0.0,
                0.9808705449104309,
                -0.1945379078388214,
                0.0069457124918699265,
                0.0,
                -0.007608415558934212,
                -0.002659556455910206,
                0.9999675154685974,
                0.0,
                -1.1188762187957764,
                11.691668510437012,
                1.0153374671936035,
                1.0
            ]
        },
        {
            "barriers": [],
            "blocks": [
                [
                    0,
                    0
                ]
            ],
            "color": [
                0.9919999837875366,
                0.9919999837875366,
                0.5879999995231628
            ],
            "fixed": true,
            "rotationLevel": 0,
            "snapCoordinates": [
                3,
                1
            ],
            "snapPanel": 4,
            "transform": [
                0.5474785566329956,
                -0.8368167281150818,
                -0.002537580206990242,
                0.0,
                0.35598453879356384,
                0.23015260696411133,
                0.9057087302207947,
                0.0,
                -0.7573263645172119,
                -0.49675819277763367,
                0.4238963723182678,
                0.0,
                -0.6444386839866638,
                11.214940071105957,
                2.2079315185546875,
                1.0
            ]
        },
        {
            "barriers": [],
            "blocks": [
                [
                    0,
                    0
                ],
                [
                    -1,
                    0
                ],
                [
                    0,
                    -1
                ]
            ],
            "color": [
                0.9919999837875366,
                0.9919999837875366,
                0.5879999995231628
            ],
            "fixed": false,
            "rotationLevel": 1,
            "snapPanel": null,
            "transform": [
                -0.33514368534088135,
                -0.9421529173851013,
                -0.005156761966645718,
                0.0,
                0.9421359896659851,
                -0.33517205715179443,
                0.006285021081566811,
                0.0,
                -0.007649853825569153,
                -0.0027519857976585627,
                0.9999669790267944,
                0.0,
                -1.1615562438964844,
                11.660743713378906,
                1.0774497985839844,
                1.0
            ]
        },
        {
            "barriers": [],
            "blocks": [
                [
                    0,
                    0
                ],
                [
                    -1,
                    0
                ],
                [
                    0,
                    -1
                ]
            ],
            "color": [
                0.9919999837875366,
                0.9919999837875366,
                0.5879999995231628
            ],
            "fixed": false,
            "rotationLevel": 1,
            "snapPanel": null,
            "transform": [
                -0.8236072063446045,
                -0.13952946662902832,
                -0.5497297048568726,
                0.0,
                0.16751977801322937,
                -0.9858684539794922,
                -0.0007508955895900726,
                0.0,
                -0.5418564081192017,
                -0.09270904958248138,
                0.8353422284126282,
                0.0,
                -1.5057564973831177,
                11.575911521911621,
                1.0608046054840088,
                1.0
            ]
        },
        {
            "barriers": [],
            "blocks": [
                [
                    0,
                    0
                ],
                [
                    -1,
                    0
                ],
                [
                    0,
                    -1
                ]
            ],
            "color": [
                0.9919999837875366,
                0.9919999837875366,
                0.5879999995231628
            ],
            "fixed": false,
            "rotationLevel": 2,
            "snapPanel": null,
            "transform": [
                -0.9411841630935669,
                0.33789464831352234,
                -1.8459601847098384e-08,
                0.0,
                -0.33789464831352234,
                -0.9411841630935669,
                1.010659644862244e-08,
                0.0,
                -1.3958915801026706e-08,
                1.574956520755677e-08,
                1.0,
                0.0,
                -1.9239522218704224,
                11.692956924438477,
                1.0155482292175293,
                1.0
            ]
        },
        {
            "barriers": [],
            "blocks": [
                [
                    0,
                    0
                ],
                [
                    -1,
                    0
                ],
                [
                    0,
                    -1
                ]
            ],
            "color": [
                0.9919999837875366,
                0.9919999837875366,
                0.5879999995231628
            ],
            "fixed": false,
            "rotationLevel": 2,
            "snapPanel": null,
            "transform": [
                -0.9331636428833008,
                0.3594488799571991,
                -0.00148578395601362,
                0.0,
                -0.35944637656211853,
                -0.9331609010696411,
                -0.0008945591398514807,
                0.0,
                -0.0017080308170989156,
                -0.00030071160290390253,
                0.9999985098838806,
                0.0,
                3.434753656387329,
                17.372406005859375,
                1.0153183937072754,
                1.0
            ]
        },
        {
            "barriers": [],
            "blocks": [
                [
                    0,
                    0
                ],
                [
                    -1,
                    0
                ],
                [
                    0,
                    -1
                ]
            ],
            "color": [
                0.9919999837875366,
                0.9919999837875366,
                0.5879999995231628
            ],
            "fixed": false,
            "rotationLevel": 2,
            "snapPanel": null,
            "transform": [
                -0.8555841445922852,
                0.5176274180412292,
                0.005298046860843897,
                0.0,
                -0.5176478624343872,
                -0.8555818796157837,
                -0.0035259095020592213,
                0.0,
                0.0027078292332589626,
                -0.005759285297244787,
                0.9999797344207764,
                0.0,
                3.616060972213745,
                17.312206268310547,
                1.076358675956726,
                1.0
            ]
        },
        {
            "barriers": [],
            "blocks": [
                [
                    0,
                    0
                ],
                [
                    -1,
                    0
                ],
                [
                    0,
                    -1
                ]
            ],
            "color": [
                0.9919999837875366,
                0.9919999837875366,
                0.5879999995231628
            ],
            "fixed": false,
            "rotationLevel": 2,
            "snapPanel": null,
            "transform": [
                -0.911188006401062,
                0.2990766763687134,
                -0.28335443139076233,
                0.0,
                -0.31177711486816406,
                -0.9501552581787109,
                -0.00028836727142333984,
                0.0,
                -0.2693169414997101,
                0.08808066695928574,
                0.9590152502059937,
                0.0,
                3.290228843688965,
                17.519189834594727,
                1.0388849973678589,
                1.0
            ]
        },
        {
            "barriers": [],
            "blocks": [
                [
                    0,
                    0
                ],
                [
                    -1,
                    0
                ],
                [
                    0,
                    -1
                ]
            ],
            "color": [
                0.9919999837875366,
                0.9919999837875366,
                0.5879999995231628
            ],
            "fixed": false,
            "rotationLevel": 2,
            "snapPanel": null,
            "transform": [
                -0.9453667402267456,
                0.32600876688957214,
                -9.785937749029472e-08,
                0.0,
                -0.32600876688957214,
                -0.9453667402267456,
                -8.412184726580563e-09,
                0.0,
                -9.525545152655468e-08,
                2.3950414984597046e-08,
                1.0,
                0.0,
                3.034113883972168,
                17.330965042114258,
                1.0155482292175293,
                1.0
            ]
        },
        {
            "barriers": [],
            "blocks": [
                [
                    0,
                    0
                ],
                [
                    -1,
                    0
                ],
                [
                    0,
                    -1
                ],
                [
                    -1,
                    -1
                ]
            ],
            "color": [
                0.9919999837875366,
                0.9919999837875366,
                0.5879999995231628
            ],
            "fixed": false,
            "rotationLevel": 2,
            "snapPanel": null,
            "transform": [
                -0.9524850249290466,
                0.30458784103393555,
                -1.8276234925451718e-07,
                0.0,
                -0.30458784103393555,
                -0.9524850249290466,
                2.7087492071586894e-07,
                0.0,
                -9.157304248219589e-08,
                3.136710517992469e-07,
                1.0,
                0.0,
                2.7448973655700684,
                17.68065643310547,
                1.0155482292175293,
                1.0
            ]
        },
        {
            "barriers": [],
            "blocks": [
                [
                    0,
                    0
                ],
                [
                    0,
                    1
                ],
                [
                    0,
                    2
                ],
                [
                    1,
                    0
                ]
            ],
            "color": [
                0.9919999837875366,
                0.9919999837875366,
                0.5879999995231628
            ],
            "fixed": true,
            "rotationLevel": 2,
            "snapCoordinates": [
                2,
                5
            ],
            "snapPanel": 5,
            "transform": [
                0.2489013969898224,
                0.9684556722640991,
                -0.012003069743514061,
                0.0,
                -0.24166429042816162,
                0.0500992126762867,
                -0.9690658450126648,
                0.0,
                -0.9378939270973206,
                0.24410197138786316,
                0.24651026725769043,
                0.0,
                21.734546661376953,
                -0.240583598613739,
                2.0567259788513184,
                1.0
            ]
        },
        {
            "barriers": [],
            "blocks": [
                [
                    0,
                    0
                ],
                [
                    0,
                    1
                ],
                [
                    0,
                    2
                ],
                [
                    1,
                    0
                ]
            ],
            "color": [
                0.9919999837875366,
                0.9919999837875366,
                0.5879999995231628
            ],
            "fixed": true,
            "rotationLevel": 3,
            "snapCoordinates": [
                0,
                6
            ],
            "snapPanel": 5,
            "transform": [
                -0.24166029691696167,
                0.05011475458741188,
                -0.9690660238265991,
                0.0,
                -0.24890528619289398,
                -0.9684548377990723,
                0.011987516656517982,
                0.0,
                -0.9378939270973206,
                0.24410197138786316,
                0.24651026725769043,
                0.0,
                21.897228240966797,
                0.1745227575302124,
                2.264625072479248,
                1.0
            ]
        },
        {
            "barriers": [],
            "blocks": [
                [
                    0,
                    0
                ],
                [
                    0,
                    1
                ],
                [
                    1,
                    0
                ]
            ],
            "color": [
                0.9919999837875366,
                0.9919999837875366,
                0.5879999995231628
            ],
            "fixed": true,
            "rotationLevel": 3,
            "snapCoordinates": [
                0,
                4
            ],
            "snapPanel": 5,
            "transform": [
                -0.24166029691696167,
                0.05011475458741188,
                -0.9690660238265991,
                0.0,
                -0.24890528619289398,
                -0.9684548377990723,
                0.011987516656517982,
                0.0,
                -0.9378939270973206,
                0.24410197138786316,
                0.24651026725769043,
                0.0,
                21.790891647338867,
                0.19655251502990723,
                1.8382364511489868,
                1.0
            ]
        },
        {
            "barriers": [],
            "blocks": [
                [
                    0,
                    0
                ],
                [
                    0,
                    1
                ],
                [
                    0,
                    -1
                ]
            ],
            "color": [
                0.9919999837875366,
                0.9919999837875366,
                0.5879999995231628
            ],
            "fixed": true,
            "rotationLevel": 2,
            "snapCoordinates": [
                1,
                2
            ],
            "snapPanel": 5,
            "transform": [
                0.2489013969898224,
                0.9684556722640991,
                -0.012003069743514061,
                0.0,
                -0.24166429042816162,
                0.0500992126762867,
                -0.9690658450126648,
                0.0,
                -0.9378939270973206,
                0.24410197138786316,
                0.24651026725769043,
                0.0,
                21.629798889160156,
                0.005521655082702637,
                1.4144952297210693,
                1.0
            ]
        },
        {
            "barriers": [],
            "blocks": [
                [
                    0,
                    0
                ],
                [
                    0,
                    1
                ],
                [
                    0,
                    2
                ],
                [
                    1,
                    0
                ]
            ],
            "color": [
                0.9919999837875366,
                0.9919999837875366,
                0.5879999995231628
            ],
            "fixed": true,
            "rotationLevel": 2,
            "snapCoordinates": [
                5,
                3
            ],
            "snapPanel": 5,
            "transform": [
                0.2489013969898224,
                0.9684556722640991,
                -0.012003069743514061,
                0.0,
                -0.24166429042816162,
                0.0500992126762867,
                -0.9690658450126648,
                0.0,
                -0.9378939270973206,
                0.24410197138786316,
                0.24651026725769043,
                0.0,
                21.46394157409668,
                -0.8577356338500977,
                1.6382801532745361,
                1.0
            ]
        },
        {
            "barriers": [],
            "blocks": [
                [
                    0,
                    0
                ]
            ],
            "color": [
                0.9919999837875366,
                0.9919999837875366,
                0.5879999995231628
            ],
            "fixed": true,
            "rotationLevel": 0,
            "snapCoordinates": [
                3,
                1
            ],
            "snapPanel": 5,
            "transform": [
                -0.24889352917671204,
                -0.9684572815895081,
                0.012034637853503227,
                0.0,
                0.24167239665985107,
                -0.05006766319274902,
                0.9690654277801514,
                0.0,
                -0.9378939270973206,
                0.24410197138786316,
                0.24651026725769043,
                0.0,
                21.467117309570313,
                -0.409584641456604,
                1.2065961360931396,
                1.0
            ]
        },
        {
            "barriers": [],
            "blocks": [
                [
                    0,
                    0
                ],
                [
                    -1,
                    0
                ],
                [
                    0,
                    1
                ],
                [
                    0,
                    2
                ]
            ],
            "color": [
                0.9919999837875366,
                0.9919999837875366,
                0.5879999995231628
            ],
            "fixed": true,
            "rotationLevel": 0,
            "snapCoordinates": [
                6,
                0
            ],
            "snapPanel": 5,
            "transform": [
                -0.24889352917671204,
                -0.9684572815895081,
                0.012034637853503227,
                0.0,
                0.24167239665985107,
                -0.05006766319274902,
                0.9690654277801514,
                0.0,
                -0.9378939270973206,
                0.24410197138786316,
                0.24651026725769043,
                0.0,
                21.249679565429688,
                -1.03775155544281,
                1.0013445615768433,
                1.0
            ]
        },
        {
            "barriers": [],
            "blocks": [
                [
                    0,
                    0
                ],
                [
                    0,
                    1
                ],
                [
                    0,
                    2
                ],
                [
                    1,
                    0
                ]
            ],
            "color": [
                0.9919999837875366,
                0.9919999837875366,
                0.5879999995231628
            ],
            "fixed": true,
            "rotationLevel": 1,
            "snapCoordinates": [
                6,
                5
            ],
            "snapPanel": 5,
            "transform": [
                0.24166834354400635,
                -0.05008343607187271,
                0.9690656065940857,
                0.0,
                0.2488974630832672,
                0.9684564471244812,
                -0.012018853798508644,
                0.0,
                -0.9378939270973206,
                0.24410197138786316,
                0.24651026725769043,
                0.0,
                21.515520095825195,
                -1.0928258895874023,
                2.0673165321350098,
                1.0
            ]
        },
        {
            "barriers": [],
            "blocks": [
                [
                    0,
                    0
                ],
                [
                    0,
                    1
                ],
                [
                    1,
                    0
                ]
            ],
            "color": [
                0.9919999837875366,
                0.9919999837875366,
                0.5879999995231628
            ],
            "fixed": true,
            "rotationLevel": 2,
            "snapCoordinates": [
                6,
                4
            ],
