{
    "barriers": [
        {
            "diameter": 3.0,
            "name": "intro.easy-solo",
            "powered": true,
            "transform": [
                3.0,
                0.0,
                0.0,
                0.0,
                0.0,
                3.0,
                0.0,
                0.0,
                0.0,
                0.0,
                1.0,
                0.0,
                9.643945693969727,
                1.0428051948547363,
                0.0,
                1.0
            ]
        },
        {
            "diameter": 5.5,
            "name": "intro.duo",
            "powered": false,
            "transform": [
                5.5,
                0.0,
                0.0,
                0.0,
                0.0,
                5.5,
                0.0,
                0.0,
                0.0,
                0.0,
                1.0,
                0.0,
                15.614355087280273,
                0.3207184672355652,
                0.0,
                1.0
            ]
        }
    ],
    "bricks": [
        {
            "barriers": [],
            "blocks": [
                [
                    0,
                    0
                ],
                [
                    1,
                    0
                ],
                [
                    0,
                    1
                ]
            ],
            "color": [
                0.5,
                0.5,
                0.5
            ],
            "rotationLevel": 0,
            "snapCoordinates": [
                0,
                0
            ],
            "snapPanel": 0,
            "transform": [
                0.7070725560188293,
                -0.7071396112442017,
                3.8742979313610704e-07,
                0.0,
                0.5000225305557251,
                0.4999755322933197,
                0.7071065306663513,
                0.0,
                -0.5000241994857788,
                -0.49997636675834656,
                0.7071060538291931,
                0.0,
                3.890571355819702,
                1.1760358810424805,
                1.0545583963394165,
                1.0
            ]
        },
        {
            "barriers": [],
            "blocks": [
                [
                    0,
                    0
                ],
                [
                    -1,
                    0
                ],
                [
                    -1,
                    1
                ],
                [
                    -1,
                    -1
                ],
                [
                    0,
                    -1
                ],
                [
                    1,
                    -1
                ]
            ],
            "color": [
                1.0,
                1.0,
                0.0
            ],
            "rotationLevel": 1,
            "snapPanel": null,
            "transform": [
                -0.35778820514678955,
                -0.9338027834892273,
                -2.176267877018745e-08,
                0.0,
                0.9338027834892273,
                -0.35778820514678955,
                -2.8326320844485053e-08,
                0.0,
                1.8664765732978594e-08,
                -3.045687435587752e-08,
                1.0,
                0.0,
                3.3087899684906006,
                1.1771550178527832,
                -2.4115653918244107e-09,
                1.0
            ]
        },
        {
            "barriers": [
                0
            ],
            "blocks": [
                [
                    0,
                    0
                ],
                [
                    0,
                    1
                ],
                [
                    1,
                    0
                ]
            ],
            "color": [
                1.0,
                0.0,
                0.0
            ],
            "rotationLevel": 1,
            "snapPanel": null,
            "transform": [
                -0.6990255117416382,
                -0.7150967717170715,
                -1.7515332729090005e-05,
                0.0,
                0.7150967717170715,
                -0.6990255117416382,
                -0.00012628624972421676,
                0.0,
                7.806322537362576e-05,
                -0.00010080247011501342,
                1.0,
                0.0,
                10.20305061340332,
                1.6968398094177246,
                0.06247199699282646,
                1.0
            ]
        },
        {
            "barriers": [
                0
            ],
            "blocks": [
                [
                    0,
                    0
                ],
                [
                    0,
                    1
                ],
                [
                    1,
                    0
                ]
            ],
            "color": [
                1.0,
                0.0,
                0.0
            ],
            "rotationLevel": 3,
            "snapPanel": null,
            "transform": [
                0.14093643426895142,
                0.9900186061859131,
                0.00014898042718414217,
                0.0,
                -0.9900186061859131,
                0.14093643426895142,
                0.00014816605835221708,
                0.0,
                0.00012569040700327605,
                -0.00016837537987157702,
                1.0,
                0.0,
                10.173075675964355,
                1.669087529182434,
                -2.618271901155822e-05,
                1.0
            ]
        },
        {
            "barriers": [
                0
            ],
            "blocks": [
                [
                    0,
                    0
                ]
            ],
            "color": [
                1.0,
                0.0,
                0.0
            ],
            "rotationLevel": 0,
            "snapPanel": null,
            "transform": [
                0.9757592082023621,
                0.21876884996891022,
                -0.005844075232744217,
                0.0,
                -0.21876545250415802,
                0.975776731967926,
                0.0012201548088341951,
                0.0,
                0.005969444289803505,
                8.790451101958752e-05,
                0.9999821782112122,
                0.0,
                10.561854362487793,
                1.3031888008117676,
                0.12402647733688354,
                1.0
            ]
        },
        {
            "barriers": [
                0
            ],
            "blocks": [
                [
                    0,
                    0
                ]
            ],
            "color": [
                1.0,
                0.0,
                0.0
            ],
            "rotationLevel": 0,
            "snapPanel": null,
            "transform": [
                0.9796212911605835,
                0.2008279412984848,
                -0.0032028404530137777,
                0.0,
                -0.20082445442676544,
                0.9796262979507446,
                0.001380303641781211,
                0.0,
                0.003414790378883481,
                -0.0007089662249200046,
                0.9999939203262329,
                0.0,
                10.524857521057129,
                1.2642803192138672,
                0.061948854476213455,
                1.0
            ]
        },
        {
            "barriers": [
                0
            ],
            "blocks": [
                [
                    0,
                    0
                ]
            ],
            "color": [
                1.0,
                0.0,
                0.0
            ],
            "rotationLevel": 0,
            "snapPanel": null,
            "transform": [
                0.8382519483566284,
                -0.545272707939148,
                -0.0033630027901381254,
                0.0,
                0.5452717542648315,
                0.8382583856582642,
                -0.0012712032767012715,
                0.0,
                0.003512217430397868,
                -0.0007681619608774781,
                0.9999935626983643,
                0.0,
                10.455262184143066,
                1.2696870565414429,
                -0.0003266726271249354,
                1.0
            ]
        },
        {
            "barriers": [
                1
            ],
            "blocks": [
                [
                    0,
                    0
                ],
                [
                    0,
                    1
                ],
                [
                    1,
                    0
                ]
            ],
            "color": [
                1.0,
                0.0,
                0.0
            ],
            "rotationLevel": 0,
            "snapPanel": null,
            "transform": [
                0.9997992515563965,
                0.02003711834549904,
                -0.0001212639399454929,
                0.0,
                -0.02003704383969307,
                0.9997990727424622,
                0.0005758848274126649,
                0.0,
                0.00013277864491101354,
                -0.000573339406400919,
                0.9999998211860657,
                0.0,
                16.71710205078125,
                1.453354835510254,
                5.160262298886664e-05,
                1.0
            ]
        },
        {
            "barriers": [
                1
            ],
            "blocks": [
                [
                    0,
                    0
                ],
                [
                    0,
                    1
                ],
                [
                    1,
                    0
                ]
            ],
            "color": [
                1.0,
                0.0,
                0.0
            ],
            "rotationLevel": 0,
            "snapPanel": null,
            "transform": [
                0.9997004866600037,
                0.020205114036798477,
                -0.013810477219522,
                0.0,
                -0.020249292254447937,
                0.9997902512550354,
                -0.0030666172970086336,
                0.0,
                0.013745619915425777,
                0.003345350967720151,
                0.9998999238014221,
                0.0,
                16.942346572875977,
                1.5418270826339722,
                0.06059373915195465,
                1.0
            ]
        },
        {
            "barriers": [
                1
            ],
            "blocks": [
                [
                    0,
                    0
                ],
                [
                    0,
                    1
                ],
                [
                    1,
                    0
                ]
            ],
            "color": [
                1.0,
                0.0,
                0.0
            ],
            "rotationLevel": 0,
            "snapPanel": null,
            "transform": [
                0.999961793422699,
                0.00874275155365467,
                6.498555471523559e-09,
                0.0,
                -0.00874275155365467,
                0.999961793422699,
                7.615301278462994e-09,
                0.0,
                -6.431728039046902e-09,
                -7.67182495309271e-09,
                1.0,
                0.0,
                16.270877838134766,
                1.394431471824646,
                -9.394316435873407e-10,
                1.0
            ]
        },
        {
            "barriers": [
                1
            ],
            "blocks": [
                [
                    0,
                    0
                ],
                [
                    0,
                    1
                ]
            ],
            "color": [
                1.0,
                0.0,
                0.0
            ],
            "rotationLevel": 0,
            "snapPanel": null,
            "transform": [
                -0.16469120979309082,
                0.9863451719284058,
                -6.060120849582518e-09,
                0.0,
                -0.9863451719284058,
                -0.16469120979309082,
                7.020699577253708e-09,
                0.0,
                5.926784840681876e-09,
                7.133618140642284e-09,
                1.0,
                0.0,
                14.629961013793945,
                -0.7756499648094177,
                1.8309484484113625e-10,
                1.0
            ]
        },
        {
            "barriers": [
                1
            ],
            "blocks": [
                [
                    0,
                    0
                ],
                [
                    0,
                    1
                ]
            ],
            "color": [
                1.0,
                0.0,
                0.0
            ],
            "rotationLevel": 0,
            "snapPanel": null,
            "transform": [
                0.2804134488105774,
                -0.9598792791366577,
                6.539019523188472e-06,
                0.0,
                -0.9598792791366577,
                -0.2804133892059326,
                5.894394234928768e-07,
                0.0,
                1.2678381153818918e-06,
                -6.441956429625861e-06,
                -1.0,
                0.0,
                14.410100936889648,
                -0.5298715829849243,
                0.06249945983290672,
                1.0
            ]
        },
        {
            "barriers": [
                1
            ],
            "blocks": [
                [
                    0,
                    0
                ],
                [
                    0,
                    1
                ]
            ],
            "color": [
                1.0,
                0.0,
                0.0
            ],
            "rotationLevel": 0,
            "snapPanel": null,
            "transform": [
                0.9576241970062256,
                0.28802064061164856,
                -1.0674238382080148e-08,
                0.0,
                -0.28802064061164856,
                0.9576241970062256,
                5.133016678371405e-09,
                0.0,
                1.1700324265007112e-08,
                -1.8411000501927788e-09,
                1.0,
                0.0,
                14.332435607910156,
                -1.5038715600967407,
                -2.0562254121614387e-09,
                1.0
            ]
        },
        {
            "barriers": [
                1
            ],
            "blocks": [
                [
                    0,
                    0
                ],
                [
                    0,
                    1
                ],
                [
                    0,
                    2
                ]
            ],
            "color": [
                1.0,
                0.0,
                0.0
            ],
            "rotationLevel": 0,
            "snapPanel": null,
            "transform": [
                -0.9884648323059082,
                0.15145105123519897,
                -2.8964356246774514e-08,
                0.0,
                -0.15145105123519897,
                -0.9884648323059082,
                8.144719032543435e-08,
                0.0,
                -1.629498491695358e-08,
                8.489435998626504e-08,
                1.0,
                0.0,
                14.669571876525879,
                -1.0299652814865112,
                -8.524212447014179e-09,
                1.0
            ]
        }
    ],
    "entities": [
        {
            "components": {
                "mesh": {
                    "path": "./assets/models/vr-puzzle/waking-hall.glb"
                },
                "sound-emitter": {
                    "sounds": [
                        {
                            "hrid": "open-clock",
                            "path": "./assets/sounds/vr-puzzle/open-clock.wav"
                        }
                    ]
                }
            },
            "name": "waking-hall",
            "transform": [
                1.6033642168622464e-05,
                0.999999463558197,
                0.0,
                0.0,
                -0.999999463558197,
                1.6033642168622464e-05,
                0.0,
                0.0,
                0.0,
                0.0,
                1.0,
                0.0,
                0.2442454993724823,
                0.0,
                0.0,
                1.0
            ]
        },
        {
            "components": {
                "mesh": {
                    "path": "./assets/models/vr-puzzle/clock.glb"
                }
            },
            "name": "clock",
            "transform": [
                -0.770042896270752,
                1.2254802641109563e-05,
                0.0,
                0.0,
                -1.2254802641109563e-05,
                -0.770042896270752,
                0.0,
                0.0,
                0.0,
                0.0,
                0.7700431942939758,
                0.0,
                5.55143928527832,
                0.002856343984603882,
                1.0680524110794067,
                1.0
            ]
        },
        {
            "components": {
                "mesh": {
                    "path": "./assets/models/vr-puzzle/puzzle-table.glb"
                }
            },
            "name": "puzzle-table",
            "transform": [
                -0.7071064710617065,
                -0.7071070075035095,
                0.0,
                0.0,
                0.7071070075035095,
                -0.7071064710617065,
                0.0,
                0.0,
                0.0,
                0.0,
                1.0,
                0.0,
                4.187601566314697,
                1.1090105772018433,
                0.0,
                1.0
            ]
        },
        {
            "components": {
                "mesh": {
                    "path": "./assets/models/vr-puzzle/puzzle-table.glb"
                }
            },
            "name": "puzzle-table",
            "transform": [
                -0.14755988121032715,
                -0.9890509247779846,
                0.0,
                0.0,
                0.9890509247779846,
                -0.14755988121032715,
                0.0,
                0.0,
                0.0,
                0.0,
                1.0,
                0.0,
                9.574010848999023,
                1.5030717849731445,
                0.0,
                1.0
            ]
        }
    ],
    "file": {
        "type": "LEVEL",
        "version": 0
    },
    "name": "intro",
    "panels": [
        {
            "barriers": [],
            "extent": [
                3,
                3
            ],
            "name": "intro.waking-hall-clock-controller",
            "transform": [
                0.7070725560188293,
                -0.7071396112442017,
                3.8742979313610704e-07,
                0.0,
                0.5000225305557251,
                0.4999755322933197,
                0.7071065306663513,
                0.0,
                -0.5000241994857788,
                -0.49997636675834656,
                0.7071060538291931,
                0.0,
                4.156132221221924,
                1.1304597854614258,
                1.2101218700408936,
                1.0
            ]
        },
        {
            "barriers": [
                0
            ],
            "extent": [
                3,
                3
            ],
            "name": "intro.easy-solo",
            "transform": [
                0.9831207394599915,
                -0.07656775414943695,
                -0.1661277711391449,
                0.0,
                0.17596670985221863,
                0.6439452171325684,
                0.7445532083511353,
                0.0,
                0.049968790262937546,
                -0.7612263560295105,
                0.6465557813644409,
                0.0,
                9.570268630981445,
                1.5104864835739136,
                1.2568941116333008,
                1.0
            ]
        },
        {
            "barriers": [
                1
            ],
            "extent": [
                3,
                3
            ],
            "name": "",
            "transform": [
                5.364418029785156e-07,
                -0.9999999403953552,
                0.0,
                0.0,
                0.9999999403953552,
                5.364418029785156e-07,
                0.0,
                0.0,
                0.0,
                0.0,
                1.0,
                0.0,
                15.334094047546387,
                1.8175554275512695,
                0.0,
                1.0
            ]
        },
        {
            "barriers": [
                1
            ],
            "extent": [
                3,
                3
            ],
            "name": "",
            "transform": [
                -1.1920928955078125e-07,
                0.9999999403953552,
                0.0,
                0.0,
                -0.9999999403953552,
                -1.1920928955078125e-07,
                0.0,
                0.0,
                0.0,
                0.0,
                1.0,
                0.0,
                15.419349670410156,
                -0.5834259390830994,
                0.0,
                1.0
            ]
        },
        {
            "barriers": [],
            "extent": [
                4,
                4
            ],
            "name": "",
            "transform": [
                -0.7071069478988647,
                0.7071065902709961,
                0.0,
                0.0,
                -0.7071065902709961,
                -0.7071069478988647,
                0.0,
                0.0,
                0.0,
                0.0,
                1.0,
                0.0,
                20.279762268066406,
                -5.0608015060424805,
                0.0,
                1.0
            ]
        }
    ]
}
