{"barriers":[{"diameter":3.0,"name":"intro.easy-solo","powered":true,"transform":[3.0,0.0,0.0,0.0,0.0,3.0,0.0,0.0,0.0,0.0,1.0,0.0,9.643945693969727,1.0428051948547363,0.0,1.0]},{"diameter":5.5,"name":"intro.duo","powered":false,"transform":[5.5,0.0,0.0,0.0,0.0,5.5,0.0,0.0,0.0,0.0,1.0,0.0,15.614355087280273,0.3207184672355652,0.0,1.0]}],"bricks":[{"barriers":[],"blocks":[[0,0],[1,0],[0,1]],"color":[0.5,0.5,0.5],"fixed":true,"rotationLevel":0,"snapCoordinates":[0,0],"snapPanel":0,"transform":[0.7070725560188293,-0.7071396112442017,3.8742979313610704e-07,0.0,0.5000225305557251,0.4999755322933197,0.7071065306663513,0.0,-0.5000241994857788,-0.49997636675834656,0.7071060538291931,0.0,3.890571355819702,1.1760358810424805,1.0545583963394165,1.0]},{"barriers":[],"blocks":[[0,0],[-1,0],[-1,1],[-1,-1],[0,-1],[1,-1]],"color":[0.9919999837875366,0.9919999837875366,0.5879999995231628],"fixed":false,"rotationLevel":1,"snapPanel":null,"transform":[-0.35778820514678955,-0.9338027834892273,-1.083857841877034e-05,0.0,0.9338027834892273,-0.35778820514678955,-5.71066266275011e-07,0.0,-3.3446522138547152e-06,-1.0325415132683702e-05,1.0,0.0,3.3087899684906006,1.1771550178527832,-1.4418641285374179e-06,1.0]},{"barriers":[0],"blocks":[[0,0],[0,1],[1,0]],"color":[0.9919999837875366,0.9919999837875366,0.5879999995231628],"fixed":false,"rotationLevel":1,"snapPanel":null,"transform":[-0.7030638456344604,-0.7111266851425171,0.0001109928562073037,0.0,0.7111266851425171,-0.7030638456344604,-0.0002178057620767504,0.0,0.00023292256810236722,-7.4201358074788e-05,0.9999999403953552,0.0,10.205946922302246,1.6987769603729248,0.062459077686071396,1.0]},{"barriers":[0],"blocks":[[0,0],[0,1],[1,0]],"color":[0.9919999837875366,0.9919999837875366,0.5879999995231628],"fixed":false,"rotationLevel":3,"snapPanel":null,"transform":[0.142838716506958,0.9897459745407104,-0.0002083372528431937,0.0,-0.9897459745407104,0.142838716506958,-1.2728851288557053e-05,0.0,1.7160302377305925e-05,0.00020801913342438638,1.0,0.0,10.173768997192383,1.669459581375122,-1.3486954230756965e-05,1.0]},{"barriers":[0],"blocks":[[0,0]],"color":[0.9919999837875366,0.9919999837875366,0.5879999995231628],"fixed":false,"rotationLevel":0,"snapPanel":null,"transform":[0.9812875390052795,-0.1925479620695114,1.5464023817912675e-05,0.0,0.1925479620695114,0.9812875390052795,-2.964777740999125e-05,0.0,-9.466034498473164e-06,3.207056215615012e-05,1.0,0.0,10.865111351013184,1.2062684297561646,-6.009362095937831e-06,1.0]},{"barriers":[0],"blocks":[[0,0]],"color":[0.9919999837875366,0.9919999837875366,0.5879999995231628],"fixed":false,"rotationLevel":0,"snapPanel":null,"transform":[0.9319702982902527,-0.36253464221954346,6.675395525235217e-07,0.0,0.36253464221954346,0.9319702982902527,3.106491203652695e-05,0.0,-1.1884234481840394e-05,-2.8709568141493946e-05,1.0,0.0,10.620490074157715,1.2672059535980225,-7.4086397034989204e-06,1.0]},{"barriers":[0],"blocks":[[0,0]],"color":[0.9919999837875366,0.9919999837875366,0.5879999995231628],"fixed":false,"rotationLevel":0,"snapPanel":null,"transform":[0.8691295981407166,-0.49458441138267517,-4.252490725775715e-06,0.0,0.49458441138267517,0.8691295981407166,-4.08763371524401e-05,0.0,2.3912765755085275e-05,3.34236174239777e-05,1.0,0.0,10.425941467285156,1.2726060152053833,-6.009078333590878e-06,1.0]},{"barriers":[1],"blocks":[[0,0],[0,1],[1,0]],"color":[0.9919999837875366,0.9919999837875366,0.5879999995231628],"fixed":false,"rotationLevel":0,"snapPanel":null,"transform":[0.9995403289794922,0.030316922813653946,9.230610942267958e-09,0.0,-0.030316922813653946,0.9995403289794922,-1.815468380073071e-07,0.0,-1.47303094166773e-08,1.8118355171736766e-07,1.0,0.0,16.722475051879883,1.4547321796417236,-1.8477756213997054e-08,1.0]},{"barriers":[1],"blocks":[[0,0],[0,1],[1,0]],"color":[0.9919999837875366,0.9919999837875366,0.5879999995231628],"fixed":false,"rotationLevel":0,"snapPanel":null,"transform":[0.9997866749763489,0.020654533058404922,4.5263655920280144e-05,0.0,-0.02065453678369522,0.9997866749763489,5.907337254029699e-05,0.0,-4.403386628837325e-05,-5.999567292747088e-05,1.0,0.0,16.946901321411133,1.6361949443817139,-1.0770836524898186e-05,1.0]},{"barriers":[1],"blocks":[[0,0],[0,1],[1,0]],"color":[0.9919999837875366,0.9919999837875366,0.5879999995231628],"fixed":false,"rotationLevel":0,"snapPanel":null,"transform":[0.9999619722366333,0.008720393292605877,3.85244760536807e-08,0.0,-0.008720393292605877,0.9999619722366333,1.2590256837086145e-08,0.0,-3.8413219272115384e-08,-1.29257271552774e-08,1.0,0.0,16.270877838134766,1.3944602012634277,-3.7544040765169484e-08,1.0]},{"barriers":[1],"blocks":[[0,0],[0,1]],"color":[0.9919999837875366,0.9919999837875366,0.5879999995231628],"fixed":false,"rotationLevel":0,"snapPanel":null,"transform":[-0.1647120714187622,0.986341655254364,5.072880594525486e-05,0.0,-0.986341655254364,-0.1647120714187622,1.6707417671568692e-08,0.0,8.372129741474055e-06,-5.003318074159324e-05,1.0,0.0,14.629958152770996,-0.775627613067627,-4.188419097772567e-06,1.0]},{"barriers":[1],"blocks":[[0,0],[0,1]],"color":[0.9919999837875366,0.9919999837875366,0.5879999995231628],"fixed":false,"rotationLevel":0,"snapPanel":null,"transform":[0.2803540825843811,-0.9598966240882874,7.04933117958717e-05,0.0,-0.9598966240882874,-0.28035402297973633,6.732720066793263e-05,0.0,-4.4864067604066804e-05,-8.654175326228142e-05,-1.0,0.0,14.405916213989258,-0.529386579990387,0.06248822063207626,1.0]},{"barriers":[1],"blocks":[[0,0],[0,1]],"color":[0.9919999837875366,0.9919999837875366,0.5879999995231628],"fixed":false,"rotationLevel":0,"snapPanel":null,"transform":[0.9575507044792175,0.2882648706436157,-5.0702772568911314e-05,0.0,-0.2882648706436157,0.9575507044792175,4.0881786844693124e-09,0.0,4.855165752815083e-05,1.461191368434811e-05,1.0,0.0,14.332391738891602,-1.5038763284683228,-4.1867933759931475e-06,1.0]},{"barriers":[1],"blocks":[[0,0],[0,1],[0,2]],"color":[0.9919999837875366,0.9919999837875366,0.5879999995231628],"fixed":false,"rotationLevel":0,"snapPanel":null,"transform":[-0.9884370565414429,0.15163107216358185,-5.0600610848050565e-05,0.0,-0.15163107216358185,-0.9884370565414429,-4.529670150077436e-08,0.0,-5.002239049645141e-05,7.627852028235793e-06,1.0,0.0,14.669678688049316,-1.0299888849258423,-4.190983418084215e-06,1.0]},{"barriers":[],"blocks":[[0,0],[0,1],[0,2],[1,0]],"color":[0.9919999837875366,0.9919999837875366,0.5879999995231628],"fixed":true,"rotationLevel":1,"snapCoordinates":[6,5],"snapPanel":5,"transform":[6.569476227014093e-06,1.0,1.4904346244293265e-05,0.0,-0.40333324670791626,1.628796053410042e-05,-0.9150529503822327,0.0,-0.9150529503822327,0.0,0.40333324670791626,0.0,21.814950942993164,0.5904005765914917,1.8433573246002197,1.0]}],"entities":[{"components":{"mesh":{"path":"./assets/models/vr-puzzle/waking-hall.glb"},"sound-emitter":{"sounds":[{"hrid":"open-clock","path":"./assets/sounds/vr-puzzle/open-clock.wav"}]}},"name":"waking-hall","transform":[1.6033642168622464e-05,0.999999463558197,0.0,0.0,-0.999999463558197,1.6033642168622464e-05,0.0,0.0,0.0,0.0,1.0,0.0,0.2442454993724823,0.0,0.0,1.0]},{"components":{"mesh":{"path":"./assets/models/vr-puzzle/clock.glb"}},"name":"clock","transform":[-0.770042896270752,1.2254802641109563e-05,0.0,0.0,-1.2254802641109563e-05,-0.770042896270752,0.0,0.0,0.0,0.0,0.7700431942939758,0.0,5.55143928527832,0.002856343984603882,1.0680524110794067,1.0]},{"components":{"mesh":{"path":"./assets/models/vr-puzzle/puzzle-table.glb"}},"name":"puzzle-table","transform":[-0.7071064710617065,-0.7071070075035095,0.0,0.0,0.7071070075035095,-0.7071064710617065,0.0,0.0,0.0,0.0,1.0,0.0,4.187601566314697,1.1090105772018433,0.0,1.0]},{"components":{"mesh":{"path":"./assets/models/vr-puzzle/puzzle-table.glb"}},"name":"puzzle-table","transform":[-0.14755988121032715,-0.9890509247779846,0.0,0.0,0.9890509247779846,-0.14755988121032715,0.0,0.0,0.0,0.0,1.0,0.0,9.574010848999023,1.5030717849731445,0.0,1.0]}],"file":{"type":"LEVEL","version":0},"name":"intro","panels":[{"barriers":[],"extent":[3,3],"name":"intro.waking-hall-clock-controller","transform":[0.7070725560188293,-0.7071396112442017,3.8742979313610704e-07,0.0,0.5000225305557251,0.4999755322933197,0.7071065306663513,0.0,-0.5000241994857788,-0.49997636675834656,0.7071060538291931,0.0,4.156132221221924,1.1304597854614258,1.2101218700408936,1.0]},{"barriers":[0],"extent":[3,3],"name":"intro.easy-solo","transform":[0.9831207394599915,-0.07656775414943695,-0.1661277711391449,0.0,0.17596670985221863,0.6439452171325684,0.7445532083511353,0.0,0.049968790262937546,-0.7612263560295105,0.6465557813644409,0.0,9.570268630981445,1.5104864835739136,1.2568941116333008,1.0]},{"barriers":[1],"extent":[3,3],"name":"","transform":[5.364418029785156e-07,-0.9999999403953552,0.0,0.0,0.9999999403953552,5.364418029785156e-07,0.0,0.0,0.0,0.0,1.0,0.0,15.334094047546387,1.8175554275512695,0.0,1.0]},{"barriers":[1],"extent":[3,3],"name":"","transform":[-1.1920928955078125e-07,0.9999999403953552,0.0,0.0,-0.9999999403953552,-1.1920928955078125e-07,0.0,0.0,0.0,0.0,1.0,0.0,15.419349670410156,-0.5834259390830994,0.0,1.0]},{"barriers":[],"extent":[4,4],"name":"","transform":[-0.7071069478988647,0.7071065902709961,0.0,0.0,-0.7071065902709961,-0.7071069478988647,0.0,0.0,0.0,0.0,1.0,0.0,20.279762268066406,-5.0608015060424805,0.0,1.0]},{"barriers":[],"extent":[7,7],"name":"","transform":[0.40333324670791626,0.0,0.9150529503822327,0.0,0.0,1.0,0.0,0.0,-0.9150529503822327,0.0,0.40333324670791626,0.0,21.548751831054688,0.15040051937103271,1.2394224405288696,1.0]}]}