{
    "bricks": [
        {
            "blocks": [
                [
                    0,
                    0
                ],
                [
                    1,
                    0
                ],
                [
                    0,
                    1
                ]
            ],
            "color": [
                0.5,
                0.5,
                0.5
            ],
            "rotationLevel": 0,
            "snapCoordinates": [
                0,
                0
            ],
            "snapPanel": 0,
            "transform": [
                0.7070725560188293,
                -0.7071396112442017,
                3.8742979313610704e-07,
                0.0,
                0.5000225305557251,
                0.4999755322933197,
                0.7071065306663513,
                0.0,
                -0.5000241994857788,
                -0.49997636675834656,
                0.7071060538291931,
                0.0,
                3.890571355819702,
                1.1760358810424805,
                1.0545583963394165,
                1.0
            ]
        },
        {
            "blocks": [
                [
                    0,
                    0
                ],
                [
                    -1,
                    0
                ],
                [
                    -1,
                    1
                ],
                [
                    -1,
                    -1
                ],
                [
                    0,
                    -1
                ],
                [
                    1,
                    -1
                ]
            ],
            "color": [
                1.0,
                1.0,
                0.0
            ],
            "rotationLevel": 1,
            "snapPanel": null,
            "transform": [
                0.7036811709403992,
                -0.7105158567428589,
                -1.9942911322345935e-08,
                0.0,
                0.7105158567428589,
                0.7036811709403992,
                1.7154407672137495e-08,
                0.0,
                1.844972175035764e-09,
                -2.6240988049153202e-08,
                1.0,
                0.0,
                3.5755434036254883,
                1.026679515838623,
                -1.5981368450823652e-09,
                1.0
            ]
        },
        {
            "blocks": [
                [
                    0,
                    0
                ],
                [
                    0,
                    1
                ],
                [
                    1,
                    0
                ]
            ],
            "color": [
                1.0,
                0.0,
                0.0
            ],
            "rotationLevel": 0,
            "snapPanel": null,
            "transform": [
                0.9790253043174744,
                -0.20373865962028503,
                -0.00010601954272715375,
                0.0,
                0.20373868942260742,
                0.9790253043174744,
                0.0002048075693892315,
                0.0,
                6.206859688973054e-05,
                -0.00022211206669453532,
                1.0,
                0.0,
                9.508221626281738,
                1.6626310348510742,
                -2.317248799954541e-05,
                1.0
            ]
        },
        {
            "blocks": [
                [
                    0,
                    0
                ],
                [
                    0,
                    1
                ],
                [
                    1,
                    0
                ]
            ],
            "color": [
                1.0,
                0.0,
                0.0
            ],
            "rotationLevel": 0,
            "snapPanel": null,
            "transform": [
                0.6611164212226868,
                -0.7502833604812622,
                2.3037398932501674e-05,
                0.0,
                0.7502831220626831,
                0.6611162424087524,
                0.0007655853405594826,
                0.0,
                -0.0005896362708881497,
                -0.0004888564581051469,
                0.9999997019767761,
                0.0,
                9.477234840393066,
                1.6083930730819702,
                0.06241240352392197,
                1.0
            ]
        },
        {
            "blocks": [
                [
                    0,
                    0
                ]
            ],
            "color": [
                1.0,
                0.0,
                0.0
            ],
            "rotationLevel": 0,
            "snapPanel": null,
            "transform": [
                0.9107733368873596,
                0.4129066467285156,
                -3.0099467362987298e-09,
                0.0,
                -0.4129066467285156,
                0.9107733368873596,
                -8.189328104535321e-10,
                0.0,
                2.4032364986936727e-09,
                1.988689213305861e-09,
                1.0,
                0.0,
                8.967284202575684,
                1.8689557313919067,
                -8.578591725871831e-10,
                1.0
            ]
        },
        {
            "blocks": [
                [
                    0,
                    0
                ]
            ],
            "color": [
                1.0,
                0.0,
                0.0
            ],
            "rotationLevel": 0,
            "snapPanel": null,
            "transform": [
                0.8110392093658447,
                0.5849916338920593,
                0.00041370163671672344,
                0.0,
                -0.5849916338920593,
                0.8110392689704895,
                2.6686961064115167e-05,
                0.0,
                -0.00031991663854569197,
                -0.0002636561985127628,
                0.9999999403953552,
                0.0,
                9.27048397064209,
                1.8748013973236084,
                -4.304553658585064e-05,
                1.0
            ]
        },
        {
            "blocks": [
                [
                    0,
                    0
                ]
            ],
            "color": [
                1.0,
                0.0,
                0.0
            ],
            "rotationLevel": 0,
            "snapPanel": null,
            "transform": [
                -0.998283863067627,
                0.05855374410748482,
                0.0007766483468003571,
                0.0,
                -0.058556560426950455,
                -0.9982746839523315,
                -0.004312500823289156,
                0.0,
                0.0005227954243309796,
                -0.00435057794675231,
                0.9999904036521912,
                0.0,
                9.278489112854004,
                1.8033384084701538,
                0.06225435435771942,
                1.0
            ]
        },
        {
            "blocks": [
                [
                    0,
                    0
                ],
                [
                    0,
                    1
                ],
                [
                    1,
                    0
                ]
            ],
            "color": [
                1.0,
                0.0,
                0.0
            ],
            "rotationLevel": 0,
            "snapPanel": null,
            "transform": [
                0.9999933242797852,
                0.0010003977222368121,
                -0.00351902237161994,
                0.0,
                -0.0010014806175604463,
                0.999999463558197,
                -0.0003059651062358171,
                0.0,
                0.0035187145695090294,
                0.0003094873100053519,
                0.9999937415122986,
                0.0,
                16.688398361206055,
                1.4520243406295776,
                -0.0002767290861811489,
                1.0
            ]
        },
        {
            "blocks": [
                [
                    0,
                    0
                ],
                [
                    0,
                    1
                ],
                [
                    1,
                    0
                ]
            ],
            "color": [
                1.0,
                0.0,
                0.0
            ],
            "rotationLevel": 0,
            "snapPanel": null,
            "transform": [
                0.9999315142631531,
                0.0110796969383955,
                -0.0037663206458091736,
                0.0,
                -0.011079136282205582,
                0.9999386072158813,
                0.00016980848158709705,
                0.0,
                0.003767970949411392,
                -0.00012806928134523332,
                0.9999929070472717,
                0.0,
                16.873031616210938,
                1.5151336193084717,
                0.06167435646057129,
                1.0
            ]
        },
        {
            "blocks": [
                [
                    0,
                    0
                ],
                [
                    0,
                    1
                ],
                [
                    1,
                    0
                ]
            ],
            "color": [
                1.0,
                0.0,
                0.0
            ],
            "rotationLevel": 0,
            "snapPanel": null,
            "transform": [
                0.9872362017631531,
                0.004110502544790506,
                0.15920992195606232,
                0.0,
                -0.004162516910582781,
                0.9999913573265076,
                -6.778311217203736e-06,
                0.0,
                -0.15920858085155487,
                -0.0006560222245752811,
                0.987244725227356,
                0.0,
                16.29859733581543,
                1.395261526107788,
                0.017513446509838104,
                1.0
            ]
        },
        {
            "blocks": [
                [
                    0,
                    0
                ],
                [
                    0,
                    1
                ]
            ],
            "color": [
                1.0,
                0.0,
                0.0
            ],
            "rotationLevel": 0,
            "snapPanel": null,
            "transform": [
                -0.3649892807006836,
                0.9308731555938721,
                -0.016057809814810753,
                0.0,
                -0.9309952259063721,
                -0.36503100395202637,
                0.00034971022978425026,
                0.0,
                -0.0055360640399158,
                0.015077386051416397,
                0.999871015548706,
                0.0,
                14.655922889709473,
                -0.8720934391021729,
                0.06133395433425903,
                1.0
            ]
        },
        {
            "blocks": [
                [
                    0,
                    0
                ],
                [
                    0,
                    1
                ]
            ],
            "color": [
                1.0,
                0.0,
                0.0
            ],
            "rotationLevel": 0,
            "snapPanel": null,
            "transform": [
                0.6285037398338318,
                -0.7776570320129395,
                0.015251641161739826,
                0.0,
                -0.7777869701385498,
                -0.6285061836242676,
                0.005231369286775589,
                0.0,
                0.005517539568245411,
                -0.015150463208556175,
                -0.9998699426651001,
                0.0,
                14.573734283447266,
                -0.937421977519989,
                0.18687403202056885,
                1.0
            ]
        },
        {
            "blocks": [
                [
                    0,
                    0
                ],
                [
                    0,
                    1
                ]
            ],
            "color": [
                1.0,
                0.0,
                0.0
            ],
            "rotationLevel": 0,
            "snapPanel": null,
            "transform": [
                0.9575251340866089,
                0.28834986686706543,
                1.530896497570211e-06,
                0.0,
                -0.28834986686706543,
                0.9575251340866089,
                1.6898237618079293e-06,
                0.0,
                -9.78611296886811e-07,
                -2.059482540062163e-06,
                1.0,
                0.0,
                14.334894180297852,
                -1.5034445524215698,
                -1.0453091903173117e-07,
                1.0
            ]
        },
        {
            "blocks": [
                [
                    0,
                    0
                ],
                [
                    0,
                    1
                ],
                [
                    0,
                    2
                ]
            ],
            "color": [
                1.0,
                0.0,
                0.0
            ],
            "rotationLevel": 0,
            "snapPanel": null,
            "transform": [
                -0.9821321964263916,
                0.18819129467010498,
                -0.0007320675067603588,
                0.0,
                -0.1881917417049408,
                -0.9821321964263916,
                0.0006067634094506502,
                0.0,
                -0.0006047994829714298,
                0.0007336909184232354,
                0.9999995231628418,
                0.0,
                14.663068771362305,
                -0.9899708032608032,
                -3.9634600398130715e-05,
                1.0
            ]
        }
    ],
    "entities": [
        {
            "components": {
                "mesh": {
                    "path": "./assets/models/vr-puzzle/waking-hall.glb"
                },
                "sound-emitter": {
                    "sounds": [
                        {
                            "hrid": "open-clock",
                            "path": "./assets/sounds/vr-puzzle/open-clock.wav"
                        }
                    ]
                }
            },
            "name": "waking-hall",
            "transform": [
                1.6033642168622464e-05,
                0.999999463558197,
                0.0,
                0.0,
                -0.999999463558197,
                1.6033642168622464e-05,
                0.0,
                0.0,
                0.0,
                0.0,
                1.0,
                0.0,
                0.2442454993724823,
                0.0,
                0.0,
                1.0
            ]
        },
        {
            "components": {
                "mesh": {
                    "path": "./assets/models/vr-puzzle/clock.glb"
                }
            },
            "name": "clock",
            "transform": [
                -0.770042896270752,
                1.2254802641109563e-05,
                0.0,
                0.0,
                -1.2254802641109563e-05,
                -0.770042896270752,
                0.0,
                0.0,
                0.0,
                0.0,
                0.7700431942939758,
                0.0,
                5.55143928527832,
                0.002856343984603882,
                1.0680524110794067,
                1.0
            ]
        },
        {
            "components": {
                "mesh": {
                    "path": "./assets/models/vr-puzzle/puzzle-table.glb"
                }
            },
            "name": "puzzle-table",
            "transform": [
                -0.7071064710617065,
                -0.7071070075035095,
                0.0,
                0.0,
                0.7071070075035095,
                -0.7071064710617065,
                0.0,
                0.0,
                0.0,
                0.0,
                1.0,
                0.0,
                4.187601566314697,
                1.1090105772018433,
                0.0,
                1.0
            ]
        }
    ],
    "file": {
        "type": "LEVEL",
        "version": 0
    },
    "name": "intro",
    "panels": [
        {
            "extent": [
                3,
                3
            ],
            "name": "intro.waking-hall-clock-controller",
            "transform": [
                0.7070725560188293,
                -0.7071396112442017,
                3.8742979313610704e-07,
                0.0,
                0.5000225305557251,
                0.4999755322933197,
                0.7071065306663513,
                0.0,
                -0.5000241994857788,
                -0.49997636675834656,
                0.7071060538291931,
                0.0,
                4.156132221221924,
                1.1304597854614258,
                1.2101218700408936,
                1.0
            ]
        },
        {
            "extent": [
                3,
                3
            ],
            "name": "intro.easy-solo",
            "transform": [
                -0.7071066498756409,
                -0.7071070075035095,
                0.0,
                0.0,
                0.7071070075035095,
                -0.7071066498756409,
                0.0,
                0.0,
                0.0,
                0.0,
                1.0,
                0.0,
                9.808700561523438,
                1.1178275346755981,
                0.0,
                1.0
            ]
        },
        {
            "extent": [
                3,
                3
            ],
            "name": "",
            "transform": [
                5.364418029785156e-07,
                -0.9999999403953552,
                0.0,
                0.0,
                0.9999999403953552,
                5.364418029785156e-07,
                0.0,
                0.0,
                0.0,
                0.0,
                1.0,
                0.0,
                15.334094047546387,
                1.8175554275512695,
                0.0,
                1.0
            ]
        },
        {
            "extent": [
                3,
                3
            ],
            "name": "",
            "transform": [
                -1.1920928955078125e-07,
                0.9999999403953552,
                0.0,
                0.0,
                -0.9999999403953552,
                -1.1920928955078125e-07,
                0.0,
                0.0,
                0.0,
                0.0,
                1.0,
                0.0,
                15.419349670410156,
                -0.5834259390830994,
                0.0,
                1.0
            ]
        },
        {
            "extent": [
                4,
                4
            ],
            "name": "",
            "transform": [
                -0.7071069478988647,
                0.7071065902709961,
                0.0,
                0.0,
                -0.7071065902709961,
                -0.7071069478988647,
                0.0,
                0.0,
                0.0,
                0.0,
                1.0,
                0.0,
                20.279762268066406,
                -5.0608015060424805,
                0.0,
                1.0
            ]
        }
    ]
}