{
    "barriers": [
        {
            "diameter": 3.0,
            "name": "intro.easy-solo",
            "powered": true,
            "transform": [
                3.0,
                0.0,
                0.0,
                0.0,
                0.0,
                3.0,
                0.0,
                0.0,
                0.0,
                0.0,
                1.0,
                0.0,
                9.643945693969727,
                1.0428051948547363,
                0.0,
                1.0
            ]
        },
        {
            "diameter": 5.5,
            "name": "intro.duo",
            "powered": false,
            "transform": [
                5.5,
                0.0,
                0.0,
                0.0,
                0.0,
                5.5,
                0.0,
                0.0,
                0.0,
                0.0,
                1.0,
                0.0,
                15.614355087280273,
                0.3207184672355652,
                0.0,
                1.0
            ]
        }
    ],
    "bricks": [
        {
            "barriers": [],
            "blocks": [
                [
                    0,
                    0
                ],
                [
                    1,
                    0
                ],
                [
                    0,
                    1
                ]
            ],
            "color": [
                0.5,
                0.5,
                0.5
            ],
            "fixed": true,
            "rotationLevel": 0,
            "snapCoordinates": [
                0,
                0
            ],
            "snapPanel": 0,
            "transform": [
                0.7070725560188293,
                -0.7071396112442017,
                3.8742979313610704e-07,
                0.0,
                0.5000225305557251,
                0.4999755322933197,
                0.7071065306663513,
                0.0,
                -0.5000241994857788,
                -0.49997636675834656,
                0.7071060538291931,
                0.0,
                3.890571355819702,
                1.1760358810424805,
                1.0545583963394165,
                1.0
            ]
        },
        {
            "barriers": [],
            "blocks": [
                [
                    0,
                    0
                ],
                [
                    -1,
                    0
                ],
                [
                    -1,
                    1
                ],
                [
                    -1,
                    -1
                ],
                [
                    0,
                    -1
                ],
                [
                    1,
                    -1
                ]
            ],
            "color": [
                0.9919999837875366,
                0.9919999837875366,
                0.5879999995231628
            ],
            "fixed": false,
            "rotationLevel": 1,
            "snapPanel": null,
            "transform": [
                -0.35778820514678955,
                -0.9338027834892273,
                -2.1472425615343127e-08,
                0.0,
                0.9338027834892273,
                -0.35778820514678955,
                -1.0149319606966856e-08,
                0.0,
                1.7948824648783557e-09,
                -2.3682316552253724e-08,
                1.0,
                0.0,
                3.3087899684906006,
                1.1771550178527832,
                -6.730959123402158e-10,
                1.0
            ]
        },
        {
            "barriers": [
                0
            ],
            "blocks": [
                [
                    0,
                    0
                ],
                [
                    0,
                    1
                ],
                [
                    1,
                    0
                ]
            ],
            "color": [
                0.9919999837875366,
                0.9919999837875366,
                0.5879999995231628
            ],
            "fixed": false,
            "rotationLevel": 1,
            "snapPanel": null,
            "transform": [
                -0.6990375518798828,
                -0.7150848507881165,
                0.00020985871378798038,
                0.0,
                0.7150848507881165,
                -0.6990375518798828,
                -0.00023764438810758293,
                0.0,
                0.0003166350652463734,
                -1.605558645678684e-05,
                0.9999999403953552,
                0.0,
                10.203400611877441,
                1.6973756551742554,
                0.06245774030685425,
                1.0
            ]
        },
        {
            "barriers": [
                0
            ],
            "blocks": [
                [
                    0,
                    0
                ],
                [
                    0,
                    1
                ],
                [
                    1,
                    0
                ]
            ],
            "color": [
                0.9919999837875366,
                0.9919999837875366,
                0.5879999995231628
            ],
            "fixed": false,
            "rotationLevel": 3,
            "snapPanel": null,
            "transform": [
                0.14093494415283203,
                0.9900188446044922,
                -8.393623284064233e-05,
                0.0,
                -0.9900188446044922,
                0.1409350037574768,
                0.00028054177528247237,
                0.0,
                0.0002895711804740131,
                4.356029239716008e-05,
                0.9999999403953552,
                0.0,
                10.17313289642334,
                1.669250249862671,
                -3.107035081484355e-05,
                1.0
            ]
        },
        {
            "barriers": [
                0
            ],
            "blocks": [
                [
                    0,
                    0
                ]
            ],
            "color": [
                0.9919999837875366,
                0.9919999837875366,
                0.5879999995231628
            ],
            "fixed": false,
            "rotationLevel": 0,
            "snapPanel": null,
            "transform": [
                0.9766144752502441,
                0.21479670703411102,
                -0.009304829873144627,
                0.0,
                -0.21483470499515533,
                0.9766448736190796,
                -0.0032867086119949818,
                0.0,
                0.008381540887057781,
                0.00520884757861495,
                0.9999513030052185,
                0.0,
                10.573244094848633,
                1.3046128749847412,
                0.12325738370418549,
                1.0
            ]
        },
        {
            "barriers": [
                0
            ],
            "blocks": [
                [
                    0,
                    0
                ]
            ],
            "color": [
                0.9919999837875366,
                0.9919999837875366,
                0.5879999995231628
            ],
            "fixed": false,
            "rotationLevel": 0,
            "snapPanel": null,
            "transform": [
                0.979169487953186,
                0.20282235741615295,
                -0.009500311687588692,
                0.0,
                -0.20286226272583008,
                0.9792012572288513,
                -0.0034349942579865456,
                0.0,
                0.008606024086475372,
                0.005290696397423744,
                0.9999489784240723,
                0.0,
                10.53196907043457,
                1.2653539180755615,
                0.061320800334215164,
                1.0
            ]
        },
        {
            "barriers": [
                0
            ],
            "blocks": [
                [
                    0,
                    0
                ]
            ],
            "color": [
                0.9919999837875366,
                0.9919999837875366,
                0.5879999995231628
            ],
            "fixed": false,
            "rotationLevel": 0,
            "snapPanel": null,
            "transform": [
                0.8380403518676758,
                -0.545606791973114,
                -0.0012860496062785387,
                0.0,
                0.5455841422080994,
                0.8380230665206909,
                -0.007432213518768549,
                0.0,
                0.005132805556058884,
                0.005526846740394831,
                0.9999715685844421,
                0.0,
                10.457085609436035,
                1.2689164876937866,
                -0.0007828872767277062,
                1.0
            ]
        },
        {
            "barriers": [
                1
            ],
            "blocks": [
                [
                    0,
                    0
                ],
                [
                    0,
                    1
                ],
                [
                    1,
                    0
                ]
            ],
            "color": [
                0.9919999837875366,
                0.9919999837875366,
                0.5879999995231628
            ],
            "fixed": false,
            "rotationLevel": 0,
            "snapPanel": null,
            "transform": [
                0.9998089075088501,
                0.019548702985048294,
                -0.00021320738596841693,
                0.0,
                -0.01954830437898636,
                0.9998074173927307,
                0.0017389706335961819,
                0.0,
                0.00024716093321330845,
                -0.0017344704829156399,
                0.9999984502792358,
                0.0,
                16.71686553955078,
                1.4533578157424927,
                -0.00016411877004429698,
                1.0
            ]
        },
        {
            "barriers": [
                1
            ],
            "blocks": [
                [
                    0,
                    0
                ],
                [
                    0,
                    1
                ],
                [
                    1,
                    0
                ]
            ],
            "color": [
                0.9919999837875366,
                0.9919999837875366,
                0.5879999995231628
            ],
            "fixed": false,
            "rotationLevel": 0,
            "snapPanel": null,
            "transform": [
                0.999817430973053,
                0.018879828974604607,
                -0.0029326248914003372,
                0.0,
                -0.01887236349284649,
                0.9998186230659485,
                0.0025528580881655216,
                0.0,
                0.0029802904464304447,
                -0.00249704672023654,
                0.9999924302101135,
                0.0,
                16.941898345947266,
                1.5414791107177734,
                0.06182122975587845,
                1.0
            ]
        },
        {
            "barriers": [
                1
            ],
            "blocks": [
                [
                    0,
                    0
                ],
                [
                    0,
                    1
                ],
                [
                    1,
                    0
                ]
            ],
            "color": [
                0.9919999837875366,
                0.9919999837875366,
                0.5879999995231628
            ],
            "fixed": false,
            "rotationLevel": 0,
            "snapPanel": null,
            "transform": [
                0.999961793422699,
                0.008742750622332096,
                4.49339321306752e-09,
                0.0,
                -0.008742750622332096,
                0.999961793422699,
                -3.723364372376636e-08,
                0.0,
                -4.818746290879972e-09,
                3.719293673043467e-08,
                1.0,
                0.0,
                16.270877838134766,
                1.394431471824646,
                -3.588044750202357e-09,
                1.0
            ]
        },
        {
            "barriers": [
                1
            ],
            "blocks": [
                [
                    0,
                    0
                ],
                [
                    0,
                    1
                ]
            ],
            "color": [
                0.9919999837875366,
                0.9919999837875366,
                0.5879999995231628
            ],
            "fixed": false,
            "rotationLevel": 0,
            "snapPanel": null,
            "transform": [
                -0.16469502449035645,
                0.9863445162773132,
                4.838149379793322e-06,
                0.0,
                -0.9863445162773132,
                -0.16469502449035645,
                9.567429515300319e-09,
                0.0,
                8.062556844379287e-07,
                -4.770506620843662e-06,
                1.0,
                0.0,
                14.629958152770996,
                -0.7756263613700867,
                -5.333013746167126e-07,
                1.0
            ]
        },
        {
            "barriers": [
                1
            ],
            "blocks": [
                [
                    0,
                    0
                ],
                [
                    0,
                    1
                ]
            ],
            "color": [
                0.9919999837875366,
                0.9919999837875366,
                0.5879999995231628
            ],
            "fixed": false,
            "rotationLevel": 0,
            "snapPanel": null,
            "transform": [
                0.28037911653518677,
                -0.95988929271698,
                4.256824922777014e-06,
                0.0,
                -0.95988929271698,
                -0.280379056930542,
                6.1251280385477e-06,
                0.0,
                -4.6859199755999725e-06,
                -5.803438853035914e-06,
                -1.0,
                0.0,
                14.409013748168945,
                -0.5297684073448181,
                0.06249890476465225,
                1.0
            ]
        },
        {
            "barriers": [
                1
            ],
            "blocks": [
                [
                    0,
                    0
                ],
                [
                    0,
                    1
                ]
            ],
            "color": [
                0.9919999837875366,
                0.9919999837875366,
                0.5879999995231628
            ],
            "fixed": false,
            "rotationLevel": 0,
            "snapPanel": null,
            "transform": [
                0.957627534866333,
                0.28800952434539795,
                4.8318497647414915e-06,
                0.0,
                -0.28800952434539795,
                0.957627534866333,
                4.705270839622244e-09,
                0.0,
                -4.625757355825044e-06,
                -1.3961247304905555e-06,
                1.0,
                0.0,
                14.33251667022705,
                -1.5038657188415527,
                -5.328169550011808e-07,
                1.0
            ]
        },
        {
            "barriers": [
                1
            ],
            "blocks": [
                [
                    0,
                    0
                ],
                [
                    0,
                    1
                ],
                [
                    0,
                    2
                ]
            ],
            "color": [
                0.9919999837875366,
                0.9919999837875366,
                0.5879999995231628
            ],
            "fixed": false,
            "rotationLevel": 0,
            "snapPanel": null,
            "transform": [
                -0.9884655475616455,
                0.15144570171833038,
                4.820527919946471e-06,
                0.0,
                -0.15144570171833038,
                -0.9884655475616455,
                -1.2365063639663276e-08,
                0.0,
                4.763053311762633e-06,
                -7.422706858051242e-07,
                1.0,
                0.0,
                14.669489860534668,
                -1.029962420463562,
                -5.327807457433664e-07,
                1.0
            ]
        }
    ],
    "entities": [
        {
            "components": {
                "mesh": {
                    "path": "./assets/models/vr-puzzle/waking-hall.glb"
                },
                "sound-emitter": {
                    "sounds": [
                        {
                            "hrid": "open-clock",
                            "path": "./assets/sounds/vr-puzzle/open-clock.wav"
                        }
                    ]
                }
            },
            "name": "waking-hall",
            "transform": [
                1.6033642168622464e-05,
                0.999999463558197,
                0.0,
                0.0,
                -0.999999463558197,
                1.6033642168622464e-05,
                0.0,
                0.0,
                0.0,
                0.0,
                1.0,
                0.0,
                0.2442454993724823,
                0.0,
                0.0,
                1.0
            ]
        },
        {
            "components": {
                "mesh": {
                    "path": "./assets/models/vr-puzzle/clock.glb"
                }
            },
            "name": "clock",
            "transform": [
                -0.770042896270752,
                1.2254802641109563e-05,
                0.0,
                0.0,
                -1.2254802641109563e-05,
                -0.770042896270752,
                0.0,
                0.0,
                0.0,
                0.0,
                0.7700431942939758,
                0.0,
                5.55143928527832,
                0.002856343984603882,
                1.0680524110794067,
                1.0
            ]
        },
        {
            "components": {
                "mesh": {
                    "path": "./assets/models/vr-puzzle/puzzle-table.glb"
                }
            },
            "name": "puzzle-table",
            "transform": [
                -0.7071064710617065,
                -0.7071070075035095,
                0.0,
                0.0,
                0.7071070075035095,
                -0.7071064710617065,
                0.0,
                0.0,
                0.0,
                0.0,
                1.0,
                0.0,
                4.187601566314697,
                1.1090105772018433,
                0.0,
                1.0
            ]
        },
        {
            "components": {
                "mesh": {
                    "path": "./assets/models/vr-puzzle/puzzle-table.glb"
                }
            },
            "name": "puzzle-table",
            "transform": [
                -0.14755988121032715,
                -0.9890509247779846,
                0.0,
                0.0,
                0.9890509247779846,
                -0.14755988121032715,
                0.0,
                0.0,
                0.0,
                0.0,
                1.0,
                0.0,
                9.574010848999023,
                1.5030717849731445,
                0.0,
                1.0
            ]
        }
    ],
    "file": {
        "type": "LEVEL",
        "version": 0
    },
    "name": "intro",
    "panels": [
        {
            "barriers": [],
            "extent": [
                3,
                3
            ],
            "name": "intro.waking-hall-clock-controller",
            "transform": [
                0.7070725560188293,
                -0.7071396112442017,
                3.8742979313610704e-07,
                0.0,
                0.5000225305557251,
                0.4999755322933197,
                0.7071065306663513,
                0.0,
                -0.5000241994857788,
                -0.49997636675834656,
                0.7071060538291931,
                0.0,
                4.156132221221924,
                1.1304597854614258,
                1.2101218700408936,
                1.0
            ]
        },
        {
            "barriers": [
                0
            ],
            "extent": [
                3,
                3
            ],
            "name": "intro.easy-solo",
            "transform": [
                0.9831207394599915,
                -0.07656775414943695,
                -0.1661277711391449,
                0.0,
                0.17596670985221863,
                0.6439452171325684,
                0.7445532083511353,
                0.0,
                0.049968790262937546,
                -0.7612263560295105,
                0.6465557813644409,
                0.0,
                9.570268630981445,
                1.5104864835739136,
                1.2568941116333008,
                1.0
            ]
        },
        {
            "barriers": [
                1
            ],
            "extent": [
                3,
                3
            ],
            "name": "",
            "transform": [
                5.364418029785156e-07,
                -0.9999999403953552,
                0.0,
                0.0,
                0.9999999403953552,
                5.364418029785156e-07,
                0.0,
                0.0,
                0.0,
                0.0,
                1.0,
                0.0,
                15.334094047546387,
                1.8175554275512695,
                0.0,
                1.0
            ]
        },
        {
            "barriers": [
                1
            ],
            "extent": [
                3,
                3
            ],
            "name": "",
            "transform": [
                -1.1920928955078125e-07,
                0.9999999403953552,
                0.0,
                0.0,
                -0.9999999403953552,
                -1.1920928955078125e-07,
                0.0,
                0.0,
                0.0,
                0.0,
                1.0,
                0.0,
                15.419349670410156,
                -0.5834259390830994,
                0.0,
                1.0
            ]
        },
        {
            "barriers": [],
            "extent": [
                4,
                4
            ],
            "name": "",
            "transform": [
                -0.7071069478988647,
                0.7071065902709961,
                0.0,
                0.0,
                -0.7071065902709961,
                -0.7071069478988647,
                0.0,
                0.0,
                0.0,
                0.0,
                1.0,
                0.0,
                20.279762268066406,
                -5.0608015060424805,
                0.0,
                1.0
            ]
        }
    ]
}