{
    "barriers": [
        {
            "diameter": 3.0,
            "name": "intro.easy-solo",
            "powered": true,
            "transform": [
                3.0,
                0.0,
                0.0,
                0.0,
                0.0,
                3.0,
                0.0,
                0.0,
                0.0,
                0.0,
                1.0,
                0.0,
                9.643945693969727,
                1.0428051948547363,
                0.0,
                1.0
            ]
        },
        {
            "diameter": 5.5,
            "name": "intro.duo",
            "powered": false,
            "transform": [
                5.5,
                0.0,
                0.0,
                0.0,
                0.0,
                5.5,
                0.0,
                0.0,
                0.0,
                0.0,
                1.0,
                0.0,
                15.614355087280273,
                0.3207184672355652,
                0.0,
                1.0
            ]
        }
    ],
    "bricks": [
        {
            "barriers": [],
            "blocks": [
                [
                    0,
                    0
                ],
                [
                    1,
                    0
                ],
                [
                    0,
                    1
                ]
            ],
            "color": [
                0.5,
                0.5,
                0.5
            ],
            "fixed": true,
            "rotationLevel": 0,
            "snapCoordinates": [
                0,
                0
            ],
            "snapPanel": 0,
            "transform": [
                0.7070725560188293,
                -0.7071396112442017,
                3.8742979313610704e-07,
                0.0,
                0.5000225305557251,
                0.4999755322933197,
                0.7071065306663513,
                0.0,
                -0.5000241994857788,
                -0.49997636675834656,
                0.7071060538291931,
                0.0,
                3.890571355819702,
                1.1760358810424805,
                1.0545583963394165,
                1.0
            ]
        },
        {
            "barriers": [],
            "blocks": [
                [
                    0,
                    0
                ],
                [
                    -1,
                    0
                ],
                [
                    -1,
                    1
                ],
                [
                    -1,
                    -1
                ],
                [
                    0,
                    -1
                ],
                [
                    1,
                    -1
                ]
            ],
            "color": [
                0.9919999837875366,
                0.9919999837875366,
                0.5879999995231628
            ],
            "fixed": false,
            "rotationLevel": 1,
            "snapPanel": null,
            "transform": [
                -0.35778093338012695,
                -0.9338055849075317,
                1.139170358044339e-08,
                0.0,
                0.9338055849075317,
                -0.35778093338012695,
                1.0361694613436612e-08,
                0.0,
                -5.6000746262441226e-09,
                1.4344853305203742e-08,
                1.0,
                0.0,
                3.3087899684906006,
                1.1771563291549683,
                -3.300718864895913e-10,
                1.0
            ]
        },
        {
            "barriers": [
                0
            ],
            "blocks": [
                [
                    0,
                    0
                ],
                [
                    0,
                    1
                ],
                [
                    1,
                    0
                ]
            ],
            "color": [
                0.9919999837875366,
                0.9919999837875366,
                0.5879999995231628
            ],
            "fixed": false,
            "rotationLevel": 1,
            "snapPanel": null,
            "transform": [
                -0.7055476903915405,
                -0.7086623311042786,
                0.0002321044448763132,
                0.0,
                0.7086623311042786,
                -0.7055476903915405,
                -0.00013560100342147052,
                0.0,
                0.00025985611137002707,
                6.881069566588849e-05,
                0.9999999403953552,
                0.0,
                10.206751823425293,
                1.6998560428619385,
                0.062401704490184784,
                1.0
            ]
        },
        {
            "barriers": [
                0
            ],
            "blocks": [
                [
                    0,
                    0
                ],
                [
                    0,
                    1
                ],
                [
                    1,
                    0
                ]
            ],
            "color": [
                0.9919999837875366,
                0.9919999837875366,
                0.5879999995231628
            ],
            "fixed": false,
            "rotationLevel": 3,
            "snapPanel": null,
            "transform": [
                0.14491307735443115,
                0.989444375038147,
                1.5082710888236761e-05,
                0.0,
                -0.9894442558288574,
                0.14491301774978638,
                0.0005713058053515851,
                0.0,
                0.0005630896193906665,
                -9.771321492735296e-05,
                0.9999998211860657,
                0.0,
                10.174476623535156,
                1.6692280769348145,
                -7.448135147569701e-05,
                1.0
            ]
        },
        {
            "barriers": [
                0
            ],
            "blocks": [
                [
                    0,
                    0
                ]
            ],
            "color": [
                0.9919999837875366,
                0.9919999837875366,
                0.5879999995231628
            ],
            "fixed": false,
            "rotationLevel": 0,
            "snapPanel": null,
            "transform": [
                0.9813159108161926,
                -0.19240334630012512,
                7.538026203235404e-09,
                0.0,
                0.19240334630012512,
                0.9813159108161926,
                1.3255137432111042e-08,
                0.0,
                -9.94751747640521e-09,
                -1.1557135692896736e-08,
                1.0,
                0.0,
                10.865190505981445,
                1.2062687873840332,
                -3.605320209043583e-10,
                1.0
            ]
        },
        {
            "barriers": [
                0
            ],
            "blocks": [
                [
                    0,
                    0
                ]
            ],
            "color": [
                0.9919999837875366,
                0.9919999837875366,
                0.5879999995231628
            ],
            "fixed": false,
            "rotationLevel": 0,
            "snapPanel": null,
            "transform": [
                0.931999921798706,
                -0.3624584674835205,
                -4.31029389957871e-09,
                0.0,
                0.3624584674835205,
                0.931999921798706,
                -1.883546829617444e-08,
                0.0,
                1.0844267706033861e-08,
                1.599235233129548e-08,
                1.0,
                0.0,
                10.620635032653809,
                1.267219066619873,
                -7.574117444342221e-10,
                1.0
            ]
        },
        {
            "barriers": [
                0
            ],
            "blocks": [
                [
                    0,
                    0
                ]
            ],
            "color": [
                0.9919999837875366,
                0.9919999837875366,
                0.5879999995231628
            ],
            "fixed": false,
            "rotationLevel": 0,
            "snapPanel": null,
            "transform": [
                0.8691352605819702,
                -0.4945744276046753,
                1.0134306727138664e-08,
                0.0,
                0.4945744276046753,
                0.8691352605819702,
                -2.590843539707066e-09,
                0.0,
                -7.526717915595782e-09,
                7.263962320536166e-09,
                1.0,
                0.0,
                10.42567253112793,
                1.2726032733917236,
                -1.2233374313552758e-09,
                1.0
            ]
        },
        {
            "barriers": [
                1
            ],
            "blocks": [
                [
                    0,
                    0
                ],
                [
                    0,
                    1
                ],
                [
                    1,
                    0
                ]
            ],
            "color": [
                0.9919999837875366,
                0.9919999837875366,
                0.5879999995231628
            ],
            "fixed": false,
            "rotationLevel": 0,
            "snapPanel": null,
            "transform": [
                0.9995332956314087,
                0.030549101531505585,
                -1.3184425995405036e-08,
                0.0,
                -0.030549101531505585,
                0.9995332956314087,
                2.2563989787727223e-08,
                0.0,
                1.3867582637772102e-08,
                -2.2150684841903967e-08,
                1.0,
                0.0,
                16.722488403320313,
                1.4547616243362427,
                -9.214269347523896e-10,
                1.0
            ]
        },
        {
            "barriers": [
                1
            ],
            "blocks": [
                [
                    0,
                    0
                ],
                [
                    0,
                    1
                ],
                [
                    1,
                    0
                ]
            ],
            "color": [
                0.9919999837875366,
                0.9919999837875366,
                0.5879999995231628
            ],
            "fixed": false,
            "rotationLevel": 0,
            "snapPanel": null,
            "transform": [
                0.9997866749763489,
                0.020654531195759773,
                3.045524366029895e-08,
                0.0,
                -0.020654531195759773,
                0.9997866749763489,
                3.051969343914607e-08,
                0.0,
                -2.981837710080981e-08,
                -3.1142221246227564e-08,
                1.0,
                0.0,
                16.946901321411133,
                1.6361949443817139,
                -4.747768400648056e-09,
                1.0
            ]
        },
        {
            "barriers": [
                1
            ],
            "blocks": [
                [
                    0,
                    0
                ],
                [
                    0,
                    1
                ],
                [
                    1,
                    0
                ]
            ],
            "color": [
                0.9919999837875366,
                0.9919999837875366,
                0.5879999995231628
            ],
            "fixed": false,
            "rotationLevel": 0,
            "snapPanel": null,
            "transform": [
                0.9999620914459229,
                0.008706876076757908,
                -6.282794284828697e-09,
                0.0,
                -0.008706876076757908,
                0.9999620914459229,
                1.0888304480261013e-08,
                0.0,
                6.377359529352589e-09,
                -1.0833187680248102e-08,
                1.0,
                0.0,
                16.270877838134766,
                1.3944895267486572,
                3.2152344675573374e-10,
                1.0
            ]
        },
        {
            "barriers": [
                1
            ],
            "blocks": [
                [
                    0,
                    0
                ],
                [
                    0,
                    1
                ]
            ],
            "color": [
                0.9919999837875366,
                0.9919999837875366,
                0.5879999995231628
            ],
            "fixed": false,
            "rotationLevel": 0,
            "snapPanel": null,
            "transform": [
                -0.16449391841888428,
                0.9863780736923218,
                -4.051124236070791e-08,
                0.0,
                -0.9863780736923218,
                -0.16449391841888428,
                2.8728329937166563e-08,
                0.0,
                2.167314150369748e-08,
                4.4685037892122637e-08,
                1.0,
                0.0,
                14.629965782165527,
                -0.775631308555603,
                -1.6841591454763716e-09,
                1.0
            ]
        },
        {
            "barriers": [
                1
            ],
            "blocks": [
                [
                    0,
                    0
                ],
                [
                    0,
                    1
                ]
            ],
            "color": [
                0.9919999837875366,
                0.9919999837875366,
                0.5879999995231628
            ],
            "fixed": false,
            "rotationLevel": 0,
            "snapPanel": null,
            "transform": [
                0.2807563543319702,
                -0.9597790837287903,
                1.5433335647685453e-05,
                0.0,
                -0.9597790837287903,
                -0.2807563543319702,
                2.3449283617082983e-06,
                0.0,
                2.0823945305892266e-06,
                -1.5470945072593167e-05,
                -1.0,
                0.0,
                14.403534889221191,
                -0.527580201625824,
                0.06249959021806717,
                1.0
            ]
        },
        {
            "barriers": [
                1
            ],
            "blocks": [
                [
                    0,
                    0
                ],
                [
                    0,
                    1
                ]
            ],
            "color": [
                0.9919999837875366,
                0.9919999837875366,
                0.5879999995231628
            ],
            "fixed": false,
            "rotationLevel": 0,
            "snapPanel": null,
            "transform": [
                0.9574769735336304,
                0.28850966691970825,
                1.9540081552804622e-08,
                0.0,
                -0.28850966691970825,
                0.9574769735336304,
                4.176978904979478e-07,
                0.0,
                1.0180070830756449e-07,
                -4.055735871588695e-07,
                1.0,
                0.0,
                14.332456588745117,
                -1.5038714408874512,
                -3.381921587219949e-08,
                1.0
            ]
        },
        {
            "barriers": [
                1
            ],
            "blocks": [
                [
                    0,
                    0
                ],
                [
                    0,
                    1
                ],
                [
                    0,
                    2
                ]
            ],
            "color": [
                0.9919999837875366,
                0.9919999837875366,
                0.5879999995231628
            ],
            "fixed": false,
            "rotationLevel": 0,
            "snapPanel": null,
            "transform": [
                -0.9884650707244873,
                0.15144957602024078,
                7.790221445702628e-08,
                0.0,
                -0.15144957602024078,
                -0.9884650707244873,
                3.1932009392221516e-07,
                0.0,
                1.2536449389699555e-07,
                3.0383844773496094e-07,
                1.0,
                0.0,
                14.669305801391602,
                -1.0299975872039795,
                -3.653303437545219e-08,
                1.0
            ]
        },
        {
            "barriers": [],
            "blocks": [
                [
                    0,
                    0
                ],
                [
                    0,
                    1
                ],
                [
                    0,
                    2
                ],
                [
                    1,
                    0
                ]
            ],
            "color": [
                0.9919999837875366,
                0.9919999837875366,
                0.5879999995231628
            ],
            "fixed": true,
            "rotationLevel": 1,
            "snapCoordinates": [
                6,
                5
            ],
            "snapPanel": 5,
            "transform": [
                6.569476227014093e-06,
                1.0,
                1.4904346244293265e-05,
                0.0,
                -0.40333324670791626,
                1.628796053410042e-05,
                -0.9150529503822327,
                0.0,
                -0.9150529503822327,
                0.0,
                0.40333324670791626,
                0.0,
                21.814950942993164,
                0.5904005765914917,
                1.8433573246002197,
                1.0
            ]
        }
    ],
    "entities": [
        {
            "components": {
                "mesh": {
                    "path": "./assets/models/vr-puzzle/waking-hall.glb"
                },
                "sound-emitter": {
                    "sounds": [
                        {
                            "hrid": "open-clock",
                            "path": "./assets/sounds/vr-puzzle/open-clock.wav"
                        }
                    ]
                }
            },
            "name": "waking-hall",
            "transform": [
                1.6033642168622464e-05,
                0.999999463558197,
                0.0,
                0.0,
                -0.999999463558197,
                1.6033642168622464e-05,
                0.0,
                0.0,
                0.0,
                0.0,
                1.0,
                0.0,
                0.2442454993724823,
                0.0,
                0.0,
                1.0
            ]
        },
        {
            "components": {
                "mesh": {
                    "path": "./assets/models/vr-puzzle/clock.glb"
                }
            },
            "name": "clock",
            "transform": [
                -0.770042896270752,
                1.2254802641109563e-05,
                0.0,
                0.0,
                -1.2254802641109563e-05,
                -0.770042896270752,
                0.0,
                0.0,
                0.0,
                0.0,
                0.7700431942939758,
                0.0,
                5.55143928527832,
                0.002856343984603882,
                1.0680524110794067,
                1.0
            ]
        },
        {
            "components": {
                "mesh": {
                    "path": "./assets/models/vr-puzzle/puzzle-table.glb"
                }
            },
            "name": "puzzle-table",
            "transform": [
                -0.7071064710617065,
                -0.7071070075035095,
                0.0,
                0.0,
                0.7071070075035095,
                -0.7071064710617065,
                0.0,
                0.0,
                0.0,
                0.0,
                1.0,
                0.0,
                4.187601566314697,
                1.1090105772018433,
                0.0,
                1.0
            ]
        },
        {
            "components": {
                "mesh": {
                    "path": "./assets/models/vr-puzzle/puzzle-table.glb"
                }
            },
            "name": "puzzle-table",
            "transform": [
                -0.14755988121032715,
                -0.9890509247779846,
                0.0,
                0.0,
                0.9890509247779846,
                -0.14755988121032715,
                0.0,
                0.0,
                0.0,
                0.0,
                1.0,
                0.0,
                9.574010848999023,
                1.5030717849731445,
                0.0,
                1.0
            ]
        }
    ],
    "file": {
        "type": "LEVEL",
        "version": 0
    },
    "name": "intro",
    "panels": [
        {
            "barriers": [],
            "extent": [
                3,
                3
            ],
            "name": "intro.waking-hall-clock-controller",
            "transform": [
                0.7070725560188293,
                -0.7071396112442017,
                3.8742979313610704e-07,
                0.0,
                0.5000225305557251,
                0.4999755322933197,
                0.7071065306663513,
                0.0,
                -0.5000241994857788,
                -0.49997636675834656,
                0.7071060538291931,
                0.0,
                4.156132221221924,
                1.1304597854614258,
                1.2101218700408936,
                1.0
            ]
        },
        {
            "barriers": [
                0
            ],
            "extent": [
                3,
                3
            ],
            "name": "intro.easy-solo",
            "transform": [
                0.9831207394599915,
                -0.07656775414943695,
                -0.1661277711391449,
                0.0,
                0.17596670985221863,
                0.6439452171325684,
                0.7445532083511353,
                0.0,
                0.049968790262937546,
                -0.7612263560295105,
                0.6465557813644409,
                0.0,
                9.570268630981445,
                1.5104864835739136,
                1.2568941116333008,
                1.0
            ]
        },
        {
            "barriers": [
                1
            ],
            "extent": [
                3,
                3
            ],
            "name": "",
            "transform": [
                5.364418029785156e-07,
                -0.9999999403953552,
                0.0,
                0.0,
                0.9999999403953552,
                5.364418029785156e-07,
                0.0,
                0.0,
                0.0,
                0.0,
                1.0,
                0.0,
                15.334094047546387,
                1.8175554275512695,
                0.0,
                1.0
            ]
        },
        {
            "barriers": [
                1
            ],
            "extent": [
                3,
                3
            ],
            "name": "",
            "transform": [
                -1.1920928955078125e-07,
                0.9999999403953552,
                0.0,
                0.0,
                -0.9999999403953552,
                -1.1920928955078125e-07,
                0.0,
                0.0,
                0.0,
                0.0,
                1.0,
                0.0,
                15.419349670410156,
                -0.5834259390830994,
                0.0,
                1.0
            ]
        },
        {
            "barriers": [],
            "extent": [
                4,
                4
            ],
            "name": "",
            "transform": [
                -0.7071069478988647,
                0.7071065902709961,
                0.0,
                0.0,
                -0.7071065902709961,
                -0.7071069478988647,
                0.0,
                0.0,
                0.0,
                0.0,
                1.0,
                0.0,
                20.279762268066406,
                -5.0608015060424805,
                0.0,
                1.0
            ]
        },
        {
            "barriers": [],
            "extent": [
                7,
                7
            ],
            "name": "",
            "transform": [
                0.40333324670791626,
                0.0,
                0.9150529503822327,
                0.0,
                0.0,
                1.0,
                0.0,
                0.0,
                -0.9150529503822327,
                0.0,
                0.40333324670791626,
                0.0,
                21.548751831054688,
                0.15040051937103271,
                1.2394224405288696,
                1.0
            ]
        }
    ]
}