{
    "barriers": [
        {
            "diameter": 3.0,
            "name": "intro.easy-solo",
            "powered": true,
            "transform": [
                2.9779276847839355,
                0.3632451295852661,
                0.0,
                0.0,
                -0.3632451295852661,
                2.9779276847839355,
                0.0,
                0.0,
                0.0,
                0.0,
                1.0,
                0.0,
                12.24120807647705,
                2.522948741912842,
                0.0,
                1.0
            ]
        },
        {
            "diameter": 5.0,
            "name": "intro.easy-duo",
            "powered": false,
            "transform": [
                4.994182109832764,
                0.2411373257637024,
                0.0,
                0.0,
                -0.2411373257637024,
                4.994182109832764,
                0.0,
                0.0,
                0.0,
                0.0,
                1.0,
                0.0,
                14.263221740722656,
                -10.481523513793945,
                0.0,
                1.0
            ]
        },
        {
            "diameter": 12.5,
            "name": "intro.hard-duo",
            "powered": false,
            "transform": [
                12.5,
                0.0,
                0.0,
                0.0,
                0.0,
                12.5,
                0.0,
                0.0,
                0.0,
                0.0,
                1.0,
                0.0,
                0.6262658834457397,
                -10.511807441711426,
                0.0,
                1.0
            ]
        }
    ],
    "bricks": [
        {
            "barriers": [],
            "blocks": [
                [
                    0,
                    0
                ],
                [
                    1,
                    0
                ],
                [
                    0,
                    1
                ]
            ],
            "color": [
                0.5,
                0.5,
                0.5
            ],
            "fixed": true,
            "rotationLevel": 0,
            "snapCoordinates": [
                0,
                0
            ],
            "snapPanel": 0,
            "transform": [
                0.7070725560188293,
                -0.7071396112442017,
                3.8742979313610704e-07,
                0.0,
                0.5000225305557251,
                0.4999755322933197,
                0.7071065306663513,
                0.0,
                -0.5000241994857788,
                -0.49997636675834656,
                0.7071060538291931,
                0.0,
                3.890571355819702,
                1.1760358810424805,
                1.0545583963394165,
                1.0
            ]
        },
        {
            "barriers": [],
            "blocks": [
                [
                    0,
                    0
                ],
                [
                    -1,
                    0
                ],
                [
                    -1,
                    1
                ],
                [
                    -1,
                    -1
                ],
                [
                    0,
                    -1
                ],
                [
                    1,
                    -1
                ]
            ],
            "color": [
                0.9919999837875366,
                0.9919999837875366,
                0.5879999995231628
            ],
            "fixed": false,
            "rotationLevel": 1,
            "snapPanel": null,
            "transform": [
                -0.35695481300354004,
                -0.9341216087341309,
                -1.911598701553885e-08,
                0.0,
                0.9341216087341309,
                -0.35695481300354004,
                -4.565775725495769e-06,
                0.0,
                4.258165972714778e-06,
                -1.6476324162795208e-06,
                1.0,
                0.0,
                3.3090224266052246,
                1.1772801876068115,
                -6.206471994119056e-07,
                1.0
            ]
        },
        {
            "barriers": [
                0
            ],
            "blocks": [
                [
                    0,
                    0
                ],
                [
                    0,
                    1
                ],
                [
                    1,
                    0
                ]
            ],
            "color": [
                0.9919999837875366,
                0.9919999837875366,
                0.5879999995231628
            ],
            "fixed": false,
            "rotationLevel": 1,
            "snapPanel": null,
            "transform": [
                -0.7136870622634888,
                -0.6990470886230469,
                -0.044541411101818085,
                0.0,
                0.7000494003295898,
                -0.7140097618103027,
                -0.01099416147917509,
                0.0,
                -0.024117566645145416,
                -0.03902757540345192,
                0.998947024345398,
                0.0,
                12.863828659057617,
                3.0515072345733643,
                0.06535451859235764,
                1.0
            ]
        },
        {
            "barriers": [
                0
            ],
            "blocks": [
                [
                    0,
                    0
                ],
                [
                    0,
                    1
                ],
                [
                    1,
                    0
                ]
            ],
            "color": [
                0.9919999837875366,
                0.9919999837875366,
                0.5879999995231628
            ],
            "fixed": false,
            "rotationLevel": 3,
            "snapPanel": null,
            "transform": [
                0.14648187160491943,
                0.9892133474349976,
                6.405224849004298e-05,
                0.0,
                -0.9892133474349976,
                0.14648187160491943,
                0.00024218051112256944,
                0.0,
                0.0002301857020938769,
                -9.883640450425446e-05,
                0.9999999403953552,
                0.0,
                12.830195426940918,
                3.0553104877471924,
                -1.0721400030888617e-05,
                1.0
            ]
        },
        {
            "barriers": [
                0
            ],
            "blocks": [
                [
                    0,
                    0
                ],
                [
                    0,
                    1
                ]
            ],
            "color": [
                0.9919999837875366,
                0.9919999837875366,
                0.5879999995231628
            ],
            "fixed": false,
            "rotationLevel": 0,
            "snapPanel": null,
            "transform": [
                0.9934349060058594,
                0.11439873278141022,
                -2.4065375328063965e-05,
                0.0,
                -0.09777013957500458,
                0.8491420149803162,
                0.5190364718437195,
                0.0,
                0.05939754843711853,
                -0.5156266093254089,
                0.8547521233558655,
                0.0,
                12.717836380004883,
                2.6738078594207764,
                0.04284270852804184,
                1.0
            ]
        },
        {
            "barriers": [
                0
            ],
            "blocks": [
                [
                    0,
                    0
                ]
            ],
            "color": [
                0.9919999837875366,
                0.9919999837875366,
                0.5879999995231628
            ],
            "fixed": true,
            "rotationLevel": 0,
            "snapCoordinates": [
                0,
                0
            ],
            "snapPanel": 1,
            "transform": [
                -0.8595516085624695,
                -0.5091808438301086,
                -0.043513115495443344,
                0.0,
                0.30196231603622437,
                -0.5747413039207458,
                0.7605793476104736,
                0.0,
                -0.4122852683067322,
                0.6406241655349731,
                0.6477795839309692,
                0.0,
                12.255987167358398,
                1.9983338117599487,
                1.0991395711898804,
                1.0
            ]
        },
        {
            "barriers": [
                1
            ],
            "blocks": [
                [
                    0,
                    0
                ],
                [
                    0,
                    1
                ],
                [
                    1,
                    0
                ]
            ],
            "color": [
                0.9919999837875366,
                0.9919999837875366,
                0.5879999995231628
            ],
            "fixed": false,
            "rotationLevel": 0,
            "snapPanel": null,
            "transform": [
                0.9852486848831177,
                -0.17112873494625092,
                1.0476229661549041e-08,
                0.0,
                0.17112873494625092,
                0.9852486848831177,
                3.992908670369388e-09,
                0.0,
                -1.1004992472862796e-08,
                -2.1412240869267407e-09,
                1.0,
                0.0,
                14.633858680725098,
                -8.884317398071289,
                -1.0204443956496334e-09,
                1.0
            ]
        },
        {
            "barriers": [
                1
            ],
            "blocks": [
                [
                    0,
                    0
                ],
                [
                    0,
                    1
                ],
                [
                    1,
                    0
                ]
            ],
            "color": [
                0.9919999837875366,
                0.9919999837875366,
                0.5879999995231628
            ],
            "fixed": false,
            "rotationLevel": 1,
            "snapPanel": null,
            "transform": [
                -0.28539419174194336,
                0.9584102630615234,
                -4.830906163988402e-08,
                0.0,
                -0.9584102630615234,
                -0.28539419174194336,
                1.4355732957938017e-07,
                0.0,
                1.2379969405174052e-07,
                8.727032252409117e-08,
                1.0,
                0.0,
                15.189702033996582,
                -9.262811660766602,
                -1.7407845831485247e-08,
                1.0
            ]
        },
        {
            "barriers": [
                1
            ],
            "blocks": [
                [
                    0,
                    0
                ],
                [
                    0,
                    1
                ],
                [
                    1,
                    0
                ]
            ],
            "color": [
                0.9919999837875366,
                0.9919999837875366,
                0.5879999995231628
            ],
            "fixed": false,
            "rotationLevel": 0,
            "snapPanel": null,
            "transform": [
                0.9867401123046875,
                0.1623082011938095,
                -2.172708718717331e-06,
                0.0,
                -0.1623082011938095,
                0.9867401123046875,
                -9.124383382186352e-08,
                0.0,
                2.1290893528203014e-06,
                4.4268236365496705e-07,
                1.0,
                0.0,
                15.036269187927246,
                -8.894201278686523,
                -1.738074502100062e-07,
                1.0
            ]
        },
        {
            "barriers": [
                1
            ],
            "blocks": [
                [
                    0,
                    0
                ],
                [
                    0,
                    1
                ]
            ],
            "color": [
                0.9919999837875366,
                0.9919999837875366,
                0.5879999995231628
            ],
            "fixed": false,
            "rotationLevel": 0,
            "snapPanel": null,
            "transform": [
                -0.21105730533599854,
                0.9774736762046814,
                -2.030009227382834e-08,
                0.0,
                -0.9774736762046814,
                -0.21105730533599854,
                3.862974153889809e-07,
                0.0,
                3.7331105318116897e-07,
                1.0137371475593682e-07,
                1.0,
                0.0,
                14.105535507202148,
                -11.623003005981445,
                -3.051986752211633e-08,
                1.0
            ]
        },
        {
            "barriers": [
                1
            ],
            "blocks": [
                [
                    0,
                    0
                ],
                [
                    0,
                    1
                ]
            ],
            "color": [
                0.9919999837875366,
                0.9919999837875366,
                0.5879999995231628
            ],
            "fixed": false,
            "rotationLevel": 0,
            "snapPanel": null,
            "transform": [
                0.3228992223739624,
                -0.9464333653450012,
                2.241985930595547e-05,
                0.0,
                -0.9464333653450012,
                -0.3228992223739624,
                4.993756192561705e-06,
                0.0,
                2.5130984795396216e-06,
                -2.2831383830634877e-05,
                -1.0,
                0.0,
                13.837450981140137,
                -11.380620002746582,
                0.062499042600393295,
                1.0
            ]
        },
        {
            "barriers": [
                1
            ],
            "blocks": [
                [
                    0,
                    0
                ],
                [
                    0,
                    1
                ]
            ],
            "color": [
                0.9919999837875366,
                0.9919999837875366,
                0.5879999995231628
            ],
            "fixed": false,
            "rotationLevel": 0,
            "snapPanel": null,
            "transform": [
                0.9427100419998169,
                0.33361321687698364,
                1.9268682081019506e-06,
                0.0,
                -0.33361321687698364,
                0.9427100419998169,
                6.0151933212182485e-06,
                0.0,
                1.9026981590286596e-07,
                -6.313412086456083e-06,
                1.0,
                0.0,
                13.83497428894043,
                -12.367974281311035,
                -3.395305157027906e-07,
                1.0
            ]
        },
        {
            "barriers": [
                1
            ],
            "blocks": [
                [
                    0,
                    0
                ],
                [
                    0,
                    1
                ],
                [
                    0,
                    2
                ]
            ],
            "color": [
                0.9919999837875366,
                0.9919999837875366,
                0.5879999995231628
            ],
            "fixed": false,
            "rotationLevel": 0,
            "snapPanel": null,
            "transform": [
                0.9113883376121521,
                -0.41154745221138,
                -0.00011936388909816742,
                0.0,
                -0.4085661470890045,
                -0.9048209190368652,
                0.11988668143749237,
                0.0,
                -0.049447059631347656,
                -0.10921455919742584,
                -0.9927875995635986,
                0.0,
                14.158230781555176,
                -11.936107635498047,
                0.07193125784397125,
                1.0
            ]
        },
        {
            "barriers": [],
            "blocks": [
                [
                    0,
                    0
                ],
                [
                    0,
                    1
                ],
                [
                    0,
                    2
                ],
                [
                    1,
                    0
                ]
            ],
            "color": [
                0.9919999837875366,
                0.9919999837875366,
                0.5879999995231628
            ],
            "fixed": true,
            "rotationLevel": 0,
            "snapCoordinates": [
                0,
                0
            ],
            "snapPanel": 5,
            "transform": [
                -0.24889352917671204,
                -0.9684572815895081,
                0.012034637853503227,
                0.0,
                0.24167239665985107,
                -0.05006766319274902,
                0.9690654277801514,
                0.0,
                -0.9378939270973206,
                0.24410197138786316,
                0.24651026725769043,
                0.0,
                21.57822036743164,
                0.24061203002929688,
                0.9854588508605957,
                1.0
            ]
        },
        {
            "barriers": [],
            "blocks": [
                [
                    0,
                    0
                ],
                [
                    -1,
                    0
                ],
                [
                    0,
                    -1
                ]
            ],
            "color": [
                0.9919999837875366,
                0.9919999837875366,
                0.5879999995231628
            ],
            "fixed": false,
            "rotationLevel": 1,
            "snapPanel": null,
            "transform": [
                -0.16628730297088623,
                -0.9860772490501404,
                -0.00026078158407472074,
                0.0,
                0.9860772490501404,
                -0.16628730297088623,
                0.0001547041756566614,
                0.0,
                -0.00019591495220083743,
                -0.0002314254525117576,
                0.9999999403953552,
                0.0,
                -1.13844633102417,
                -13.509053230285645,
                -2.0944513380527496e-05,
                1.0
            ]
        },
        {
            "barriers": [],
            "blocks": [
                [
                    0,
                    0
                ]
            ],
            "color": [
                0.9919999837875366,
                0.9919999837875366,
                0.5879999995231628
            ],
            "fixed": true,
            "rotationLevel": 0,
            "snapCoordinates": [
                3,
                1
            ],
            "snapPanel": 4,
            "transform": [
                0.5474785566329956,
                -0.8368167281150818,
                -0.002537580206990242,
                0.0,
                0.35598453879356384,
                0.23015260696411133,
                0.9057087302207947,
                0.0,
                -0.7573263645172119,
                -0.49675819277763367,
                0.4238963723182678,
                0.0,
                -0.6444386839866638,
                -13.994546890258789,
                1.1923832893371582,
                1.0
            ]
        },
        {
            "barriers": [],
            "blocks": [
                [
                    0,
                    0
                ],
                [
                    -1,
                    0
                ],
                [
                    0,
                    -1
                ]
            ],
            "color": [
                0.9919999837875366,
                0.9919999837875366,
                0.5879999995231628
            ],
            "fixed": false,
            "rotationLevel": 1,
            "snapPanel": null,
            "transform": [
                -0.2510719299316406,
                -0.9679532051086426,
                -0.005422065034508705,
                0.0,
                0.9679049253463745,
                -0.25111567974090576,
                0.010042820125818253,
                0.0,
                -0.011082546785473824,
                -0.0027265730313956738,
                0.9999348521232605,
                0.0,
                -1.1460976600646973,
                -13.521638870239258,
                0.062084995210170746,
                1.0
            ]
        },
        {
            "barriers": [],
            "blocks": [
                [
                    0,
                    0
                ],
                [
                    -1,
                    0
                ],
                [
                    0,
                    -1
                ]
            ],
            "color": [
                0.9919999837875366,
                0.9919999837875366,
                0.5879999995231628
            ],
            "fixed": false,
            "rotationLevel": 1,
            "snapPanel": null,
            "transform": [
                -0.7978001832962036,
                -0.24080324172973633,
                -0.5527465343475342,
                0.0,
                0.2890436053276062,
                -0.9573159217834473,
                -0.00013433396816253662,
                0.0,
                -0.529120683670044,
                -0.1598750203847885,
                0.8333494067192078,
                0.0,
                -1.4926559925079346,
                -13.626836776733398,
                0.04562627151608467,
                1.0
            ]
        },
        {
            "barriers": [],
            "blocks": [
                [
                    0,
                    0
                ],
                [
                    -1,
                    0
                ],
                [
                    0,
                    -1
                ]
            ],
            "color": [
                0.9919999837875366,
                0.9919999837875366,
                0.5879999995231628
            ],
            "fixed": false,
            "rotationLevel": 2,
            "snapPanel": null,
            "transform": [
                -0.9403985738754272,
                0.34007397294044495,
                1.4678411389468238e-05,
                0.0,
                -0.34007397294044495,
                -0.9403985738754272,
                -6.903170287841931e-06,
                0.0,
                1.1455969797680154e-05,
                -1.1483478374429978e-05,
                1.0,
                0.0,
                -1.9155317544937134,
                -13.518064498901367,
                -2.1602750166493934e-06,
                1.0
            ]
        },
        {
            "barriers": [],
            "blocks": [
                [
                    0,
                    0
                ],
                [
                    -1,
                    0
                ],
                [
                    0,
                    -1
                ]
            ],
            "color": [
                0.9919999837875366,
                0.9919999837875366,
                0.5879999995231628
            ],
            "fixed": false,
            "rotationLevel": 2,
            "snapPanel": null,
            "transform": [
                -0.9385390281677246,
                0.34517109394073486,
                -0.0011635678820312023,
                0.0,
                -0.3451722264289856,
                -0.9385389089584351,
                0.0009382105199620128,
                0.0,
                -0.0007682106224820018,
                0.0012821784475818276,
                0.9999988675117493,
                0.0,
                3.3613498210906982,
                -7.823119163513184,
                -0.00010782969911815599,
                1.0
            ]
        },
        {
            "barriers": [],
            "blocks": [
                [
                    0,
                    0
                ],
                [
                    -1,
                    0
                ],
                [
                    0,
                    -1
                ]
            ],
            "color": [
                0.9919999837875366,
                0.9919999837875366,
                0.5879999995231628
            ],
            "fixed": false,
            "rotationLevel": 2,
            "snapPanel": null,
            "transform": [
                -0.8924236297607422,
                0.45119616389274597,
                -0.0013578401412814856,
                0.0,
                -0.4511968791484833,
                -0.8924243450164795,
                0.00027986837085336447,
                0.0,
                -0.0010854941792786121,
                0.0008624144829809666,
                0.9999990463256836,
                0.0,
                3.423133373260498,
                -7.838717460632324,
                0.062338508665561676,
                1.0
            ]
        },
        {
            "barriers": [],
            "blocks": [
                [
                    0,
                    0
                ],
                [
                    -1,
                    0
                ],
                [
                    0,
                    -1
                ]
            ],
            "color": [
                0.9919999837875366,
                0.9919999837875366,
                0.5879999995231628
            ],
            "fixed": false,
            "rotationLevel": 2,
            "snapPanel": null,
            "transform": [
                -0.7720649242401123,
                0.2873211205005646,
                -0.5668883323669434,
                0.0,
                -0.34833696484565735,
                -0.9373691082000732,
                -0.0006830692291259766,
                0.0,
                -0.531579852104187,
                0.19694076478481293,
                0.8237943649291992,
                0.0,
                3.277784824371338,
                -7.745438098907471,
                0.04675522819161415,
                1.0
            ]
        },
        {
            "barriers": [],
            "blocks": [
                [
                    0,
                    0
                ],
                [
                    -1,
                    0
                ],
                [
                    0,
                    -1
                ]
            ],
            "color": [
                0.9919999837875366,
                0.9919999837875366,
                0.5879999995231628
            ],
            "fixed": false,
            "rotationLevel": 2,
            "snapPanel": null,
            "transform": [
                -0.8939946889877319,
                0.33055585622787476,
                -0.3024998903274536,
                0.0,
                -0.3468291759490967,
                -0.9379281997680664,
                8.522719144821167e-05,
                0.0,
                -0.2836950421333313,
                0.10499198734760284,
                0.9531494379043579,
                0.0,
                3.0011508464813232,
                -7.637330532073975,
                0.02495480887591839,
                1.0
            ]
        },
        {
            "barriers": [],
            "blocks": [
                [
                    0,
                    0
                ],
                [
                    -1,
                    0
                ],
                [
                    0,
                    -1
                ],
                [
                    -1,
                    -1
                ]
            ],
            "color": [
                0.9919999837875366,
                0.9919999837875366,
                0.5879999995231628
            ],
            "fixed": false,
            "rotationLevel": 2,
            "snapPanel": null,
            "transform": [
                -0.9052278995513916,
                0.3328390419483185,
                -0.2641601860523224,
                0.0,
                -0.34508517384529114,
                -0.9385713338851929,
                -4.711374640464783e-05,
                0.0,
                -0.24794885516166687,
                0.09111511707305908,
                0.9644788503646851,
                0.0,
                2.7658207416534424,
                -7.534053802490234,
                0.021789511665701866,
                1.0
            ]
        },
        {
            "barriers": [],
            "blocks": [
                [
                    0,
                    0
                ],
                [
                    0,
                    1
                ],
                [
                    0,
                    2
                ],
                [
                    1,
                    0
                ]
            ],
            "color": [
                0.9919999837875366,
                0.9919999837875366,
                0.5879999995231628
            ],
            "fixed": true,
            "rotationLevel": 2,
            "snapCoordinates": [
                2,
                5
            ],
            "snapPanel": 5,
            "transform": [
                0.2489013969898224,
                0.9684556722640991,
                -0.012003069743514061,
                0.0,
                -0.24166429042816162,
                0.0500992126762867,
                -0.9690658450126648,
                0.0,
                -0.9378939270973206,
                0.24410197138786316,
                0.24651026725769043,
                0.0,
                21.734546661376953,
                -0.240583598613739,
                2.0567259788513184,
                1.0
            ]
        },
        {
            "barriers": [],
            "blocks": [
                [
                    0,
                    0
                ],
                [
                    0,
                    1
                ],
                [
                    0,
                    2
                ],
                [
                    1,
                    0
                ]
            ],
            "color": [
                0.9919999837875366,
                0.9919999837875366,
                0.5879999995231628
            ],
            "fixed": true,
            "rotationLevel": 3,
            "snapCoordinates": [
                0,
                6
            ],
            "snapPanel": 5,
            "transform": [
                -0.24166029691696167,
                0.05011475458741188,
                -0.9690660238265991,
                0.0,
                -0.24890528619289398,
                -0.9684548377990723,
                0.011987516656517982,
                0.0,
                -0.9378939270973206,
                0.24410197138786316,
                0.24651026725769043,
                0.0,
                21.897228240966797,
                0.1745227575302124,
                2.264625072479248,
                1.0
            ]
        },
        {
            "barriers": [],
            "blocks": [
                [
                    0,
                    0
                ],
                [
                    0,
                    1
                ],
                [
                    1,
                    0
                ]
            ],
            "color": [
                0.9919999837875366,
                0.9919999837875366,
                0.5879999995231628
            ],
            "fixed": true,
            "rotationLevel": 3,
            "snapCoordinates": [
                0,
                4
            ],
            "snapPanel": 5,
            "transform": [
                -0.24166029691696167,
                0.05011475458741188,
                -0.9690660238265991,
                0.0,
                -0.24890528619289398,
                -0.9684548377990723,
                0.011987516656517982,
                0.0,
                -0.9378939270973206,
                0.24410197138786316,
                0.24651026725769043,
                0.0,
                21.790891647338867,
                0.19655251502990723,
                1.8382364511489868,
                1.0
            ]
        },
        {
            "barriers": [],
            "blocks": [
                [
                    0,
                    0
                ],
                [
                    0,
                    1
                ],
                [
                    0,
                    -1
                ]
            ],
            "color": [
                0.9919999837875366,
                0.9919999837875366,
                0.5879999995231628
            ],
            "fixed": true,
            "rotationLevel": 2,
            "snapCoordinates": [
                1,
                2
            ],
            "snapPanel": 5,
            "transform": [
                0.2489013969898224,
                0.9684556722640991,
                -0.012003069743514061,
                0.0,
                -0.24166429042816162,
                0.0500992126762867,
                -0.9690658450126648,
                0.0,
                -0.9378939270973206,
                0.24410197138786316,
                0.24651026725769043,
                0.0,
                21.629798889160156,
                0.005521655082702637,
                1.4144952297210693,
                1.0
            ]
        },
        {
            "barriers": [],
            "blocks": [
                [
                    0,
                    0
                ],
                [
                    0,
                    1
                ],
                [
                    0,
                    2
                ],
                [
                    1,
                    0
                ]
            ],
            "color": [
                0.9919999837875366,
                0.9919999837875366,
                0.5879999995231628
            ],
            "fixed": true,
            "rotationLevel": 2,
            "snapCoordinates": [
                5,
                3
            ],
            "snapPanel": 5,
            "transform": [
                0.2489013969898224,
                0.9684556722640991,
                -0.012003069743514061,
                0.0,
                -0.24166429042816162,
                0.0500992126762867,
                -0.9690658450126648,
                0.0,
                -0.9378939270973206,
                0.24410197138786316,
                0.24651026725769043,
                0.0,
                21.46394157409668,
                -0.8577356338500977,
                1.6382801532745361,
                1.0
            ]
        },
        {
            "barriers": [],
            "blocks": [
                [
                    0,
                    0
                ]
            ],
            "color": [
                0.9919999837875366,
                0.9919999837875366,
                0.5879999995231628
            ],
            "fixed": true,
            "rotationLevel": 0,
            "snapCoordinates": [
                3,
                1
            ],
            "snapPanel": 5,
            "transform": [
                -0.24889352917671204,
                -0.9684572815895081,
                0.012034637853503227,
                0.0,
                0.24167239665985107,
                -0.05006766319274902,
                0.9690654277801514,
                0.0,
                -0.9378939270973206,
                0.24410197138786316,
                0.24651026725769043,
                0.0,
                21.467117309570313,
                -0.409584641456604,
                1.2065961360931396,
                1.0
            ]
        },
        {
            "barriers": [],
            "blocks": [
                [
                    0,
                    0
                ],
                [
                    -1,
                    0
                ],
                [
                    0,
                    1
                ],
                [
                    0,
                    2
                ]
            ],
            "color": [
                0.9919999837875366,
                0.9919999837875366,
                0.5879999995231628
            ],
            "fixed": true,
            "rotationLevel": 0,
            "snapCoordinates": [
                6,
                0
            ],
            "snapPanel": 5,
            "transform": [
                -0.24889352917671204,
                -0.9684572815895081,
                0.012034637853503227,
                0.0,
                0.24167239665985107,
                -0.05006766319274902,
                0.9690654277801514,
                0.0,
                -0.9378939270973206,
                0.24410197138786316,
                0.24651026725769043,
                0.0,
                21.249679565429688,
                -1.03775155544281,
                1.0013445615768433,
                1.0
            ]
        },
        {
            "barriers": [],
            "blocks": [
                [
                    0,
                    0
                ],
                [
                    0,
                    1
                ],
                [
                    0,
                    2
                ],
                [
                    1,
                    0
                ]
            ],
            "color": [
                0.9919999837875366,
                0.9919999837875366,
                0.5879999995231628
            ],
            "fixed": true,
            "rotationLevel": 1,
            "snapCoordinates": [
                6,
                5
            ],
            "snapPanel": 5,
            "transform": [
                0.24166834354400635,
                -0.05008343607187271,
                0.9690656065940857,
                0.0,
                0.2488974630832672,
                0.9684564471244812,
                -0.012018853798508644,
                0.0,
                -0.9378939270973206,
                0.24410197138786316,
                0.24651026725769043,
                0.0,
                21.515520095825195,
                -1.0928258895874023,
                2.0673165321350098,
                1.0
            ]
        },
        {
            "barriers": [],
            "blocks": [
                [
                    0,
                    0
                ],
                [
                    0,
                    1
                ],
                [
                    1,
                    0
                ]
            ],
            "color": [
                0.9919999837875366,
                0.9919999837875366,
                0.5879999995231628
            ],
            "fixed": true,
            "rotationLevel": 2,
            "snapCoordinates": [
