{
    "barriers": [
        {
            "diameter": 3.0,
            "name": "intro.easy-solo",
            "powered": true,
            "transform": [
                2.9779276847839355,
                0.3632451295852661,
                0.0,
                0.0,
                -0.3632451295852661,
                2.9779276847839355,
                0.0,
                0.0,
                0.0,
                0.0,
                1.0,
                0.0,
                12.24120807647705,
                2.522948741912842,
                0.0,
                1.0
            ]
        },
        {
            "diameter": 5.0,
            "name": "intro.easy-duo",
            "powered": false,
            "transform": [
                4.994182109832764,
                0.2411373257637024,
                0.0,
                0.0,
                -0.2411373257637024,
                4.994182109832764,
                0.0,
                0.0,
                0.0,
                0.0,
                1.0,
                0.0,
                14.263221740722656,
                -10.481523513793945,
                0.0,
                1.0
            ]
        },
        {
            "diameter": 12.5,
            "name": "intro.hard-duo",
            "powered": false,
            "transform": [
                12.5,
                0.0,
                0.0,
                0.0,
                0.0,
                12.5,
                0.0,
                0.0,
                0.0,
                0.0,
                1.0,
                0.0,
                0.6262658834457397,
                -10.511807441711426,
                0.0,
                1.0
            ]
        }
    ],
    "bricks": [
        {
            "barriers": [],
            "blocks": [
                [
                    0,
                    0
                ],
                [
                    1,
                    0
                ],
                [
                    0,
                    1
                ]
            ],
            "color": [
                0.5,
                0.5,
                0.5
            ],
            "fixed": true,
            "rotationLevel": 0,
            "snapCoordinates": [
                0,
                0
            ],
            "snapPanel": 0,
            "transform": [
                0.7070725560188293,
                -0.7071396112442017,
                3.8742979313610704e-07,
                0.0,
                0.5000225305557251,
                0.4999755322933197,
                0.7071065306663513,
                0.0,
                -0.5000241994857788,
                -0.49997636675834656,
                0.7071060538291931,
                0.0,
                3.890571355819702,
                1.1760358810424805,
                1.0545583963394165,
                1.0
            ]
        },
        {
            "barriers": [],
            "blocks": [
                [
                    0,
                    0
                ],
                [
                    -1,
                    0
                ],
                [
                    -1,
                    1
                ],
                [
                    -1,
                    -1
                ],
                [
                    0,
                    -1
                ],
                [
                    1,
                    -1
                ]
            ],
            "color": [
                0.9919999837875366,
                0.9919999837875366,
                0.5879999995231628
            ],
            "fixed": false,
            "rotationLevel": 1,
            "snapPanel": null,
            "transform": [
                -0.35695481300354004,
                -0.9341216087341309,
                -3.1741961947773234e-08,
                0.0,
                0.9341216087341309,
                -0.35695481300354004,
                8.87462192622479e-09,
                0.0,
                -1.9620424396293856e-08,
                -2.6483014892164647e-08,
                1.0,
                0.0,
                3.3090224266052246,
                1.1772801876068115,
                -4.5872833309701377e-10,
                1.0
            ]
        },
        {
            "barriers": [
                0
            ],
            "blocks": [
                [
                    0,
                    0
                ],
                [
                    0,
                    1
                ],
                [
                    1,
                    0
                ]
            ],
            "color": [
                0.9919999837875366,
                0.9919999837875366,
                0.5879999995231628
            ],
            "fixed": false,
            "rotationLevel": 1,
            "snapPanel": null,
            "transform": [
                -0.967261552810669,
                -0.25377002358436584,
                0.00242487876676023,
                0.0,
                0.2537679970264435,
                -0.9672644138336182,
                -0.0011192585807293653,
                0.0,
                0.002629533177241683,
                -0.00046725920401513577,
                0.9999964237213135,
                0.0,
                12.879150390625,
                3.0549240112304688,
                0.06208525598049164,
                1.0
            ]
        },
        {
            "barriers": [
                0
            ],
            "blocks": [
                [
                    0,
                    0
                ],
                [
                    0,
                    1
                ],
                [
                    1,
                    0
                ]
            ],
            "color": [
                0.9919999837875366,
                0.9919999837875366,
                0.5879999995231628
            ],
            "fixed": false,
            "rotationLevel": 3,
            "snapPanel": null,
            "transform": [
                0.18290096521377563,
                0.9831313490867615,
                -4.129594890400767e-05,
                0.0,
                -0.983130156993866,
                0.1829007863998413,
                0.0015215566381812096,
                0.0,
                0.0015034431125968695,
                -0.00023769476683810353,
                0.9999988675117493,
                0.0,
                12.831833839416504,
                3.0671207904815674,
                -0.00016214323113672435,
                1.0
            ]
        },
        {
            "barriers": [
                0
            ],
            "blocks": [
                [
                    0,
                    0
                ],
                [
                    0,
                    1
                ]
            ],
            "color": [
                0.9919999837875366,
                0.9919999837875366,
                0.5879999995231628
            ],
            "fixed": false,
            "rotationLevel": 0,
            "snapPanel": null,
            "transform": [
                0.9666154384613037,
                0.25623154640197754,
                -7.898431249486748e-06,
                0.0,
                -0.25623154640197754,
                0.9666154384613037,
                3.6191118852002546e-05,
                0.0,
                1.69080522027798e-05,
                -3.2959065720206127e-05,
                1.0,
                0.0,
                12.727478981018066,
                2.618337392807007,
                -4.325386726122815e-06,
                1.0
            ]
        },
        {
            "barriers": [
                0
            ],
            "blocks": [
                [
                    0,
                    0
                ]
            ],
            "color": [
                0.9919999837875366,
                0.9919999837875366,
                0.5879999995231628
            ],
            "fixed": true,
            "rotationLevel": 0,
            "snapCoordinates": [
                0,
                0
            ],
            "snapPanel": 1,
            "transform": [
                -0.8595516085624695,
                -0.5091808438301086,
                -0.043513115495443344,
                0.0,
                0.30196231603622437,
                -0.5747413039207458,
                0.7605793476104736,
                0.0,
                -0.4122852683067322,
                0.6406241655349731,
                0.6477795839309692,
                0.0,
                12.255987167358398,
                1.9983338117599487,
                1.0991395711898804,
                1.0
            ]
        },
        {
            "barriers": [
                1
            ],
            "blocks": [
                [
                    0,
                    0
                ],
                [
                    0,
                    1
                ],
                [
                    1,
                    0
                ]
            ],
            "color": [
                0.9919999837875366,
                0.9919999837875366,
                0.5879999995231628
            ],
            "fixed": false,
            "rotationLevel": 0,
            "snapPanel": null,
            "transform": [
                0.9852482676506042,
                -0.17113123834133148,
                -9.676259793423014e-09,
                0.0,
                0.17113123834133148,
                0.9852482676506042,
                6.757435500048814e-08,
                0.0,
                -2.0305650494378824e-09,
                -6.823342602046978e-08,
                1.0,
                0.0,
                14.633869171142578,
                -8.884317398071289,
                -5.137350544970332e-09,
                1.0
            ]
        },
        {
            "barriers": [
                1
            ],
            "blocks": [
                [
                    0,
                    0
                ],
                [
                    0,
                    1
                ],
                [
                    1,
                    0
                ]
            ],
            "color": [
                0.9919999837875366,
                0.9919999837875366,
                0.5879999995231628
            ],
            "fixed": false,
            "rotationLevel": 1,
            "snapPanel": null,
            "transform": [
                -0.2851753234863281,
                0.9584753513336182,
                1.8379591182338118e-08,
                0.0,
                -0.9584753513336182,
                -0.2851753234863281,
                1.9530242312271184e-08,
                0.0,
                2.3960662787203546e-08,
                -1.2046841746382597e-08,
                1.0,
                0.0,
                15.189899444580078,
                -9.2627592086792,
                -2.8061268864121303e-09,
                1.0
            ]
        },
        {
            "barriers": [
                1
            ],
            "blocks": [
                [
                    0,
                    0
                ],
                [
                    0,
                    1
                ],
                [
                    1,
                    0
                ]
            ],
            "color": [
                0.9919999837875366,
                0.9919999837875366,
                0.5879999995231628
            ],
            "fixed": false,
            "rotationLevel": 0,
            "snapPanel": null,
            "transform": [
                0.9867468476295471,
                0.16226725280284882,
                2.0074836015737674e-08,
                0.0,
                -0.16226725280284882,
                0.9867468476295471,
                2.315775349259752e-09,
                0.0,
                -1.9433006315239254e-08,
                -5.542572623085107e-09,
                1.0,
                0.0,
                15.036349296569824,
                -8.894135475158691,
                -2.452375413852792e-09,
                1.0
            ]
        },
        {
            "barriers": [
                1
            ],
            "blocks": [
                [
                    0,
                    0
                ],
                [
                    0,
                    1
                ]
            ],
            "color": [
                0.9919999837875366,
                0.9919999837875366,
                0.5879999995231628
            ],
            "fixed": false,
            "rotationLevel": 0,
            "snapPanel": null,
            "transform": [
                -0.2110682725906372,
                0.9774713516235352,
                -1.4828460237481522e-08,
                0.0,
                -0.9774713516235352,
                -0.2110682725906372,
                4.3393715287720624e-09,
                0.0,
                1.1117928799819765e-09,
                1.5410298814799717e-08,
                1.0,
                0.0,
                14.105213165283203,
                -11.622917175292969,
                -1.6325106821923896e-09,
                1.0
            ]
        },
        {
            "barriers": [
                1
            ],
            "blocks": [
                [
                    0,
                    0
                ],
                [
                    0,
                    1
                ]
            ],
            "color": [
                0.9919999837875366,
                0.9919999837875366,
                0.5879999995231628
            ],
            "fixed": false,
            "rotationLevel": 0,
            "snapPanel": null,
            "transform": [
                0.32287198305130005,
                -0.9464426636695862,
                1.571612483530771e-05,
                0.0,
                -0.9464426636695862,
                -0.3228719234466553,
                2.8382060008880217e-06,
                0.0,
                2.3880961634858977e-06,
                -1.5790788893355057e-05,
                -1.0,
                0.0,
                13.832448959350586,
                -11.38020133972168,
                0.062499549239873886,
                1.0
            ]
        },
        {
            "barriers": [
                1
            ],
            "blocks": [
                [
                    0,
                    0
                ],
                [
                    0,
                    1
                ]
            ],
            "color": [
                0.9919999837875366,
                0.9919999837875366,
                0.5879999995231628
            ],
            "fixed": false,
            "rotationLevel": 0,
            "snapPanel": null,
            "transform": [
                0.9427284598350525,
                0.3335612118244171,
                2.2147719391796272e-06,
                0.0,
                -0.3335612118244171,
                0.9427284598350525,
                3.668923818622716e-05,
                0.0,
                1.0150177331524901e-05,
                -3.5326749639352784e-05,
                1.0,
                0.0,
                13.827013969421387,
                -12.372036933898926,
                -2.7235612378717633e-06,
                1.0
            ]
        },
        {
            "barriers": [
                1
            ],
            "blocks": [
                [
                    0,
                    0
                ],
                [
                    0,
                    1
                ],
                [
                    0,
                    2
                ]
            ],
            "color": [
                0.9919999837875366,
                0.9919999837875366,
                0.5879999995231628
            ],
            "fixed": false,
            "rotationLevel": 0,
            "snapPanel": null,
            "transform": [
                0.9236301779747009,
                -0.38328486680984497,
                2.2623687982559204e-05,
                0.0,
                -0.3810025453567505,
                -0.9181239604949951,
                0.10902136564254761,
                0.0,
                -0.04176546633243561,
                -0.10070404410362244,
                -0.9940395355224609,
                0.0,
                14.172718048095703,
                -11.930781364440918,
                0.07112694531679153,
                1.0
            ]
        },
        {
            "barriers": [],
            "blocks": [
                [
                    0,
                    0
                ],
                [
                    0,
                    1
                ],
                [
                    0,
                    2
                ],
                [
                    1,
                    0
                ]
            ],
            "color": [
                0.9919999837875366,
                0.9919999837875366,
                0.5879999995231628
            ],
            "fixed": true,
            "rotationLevel": 0,
            "snapCoordinates": [
                0,
                0
            ],
            "snapPanel": 5,
            "transform": [
                -0.24889352917671204,
                -0.9684572815895081,
                0.012034637853503227,
                0.0,
                0.24167239665985107,
                -0.05006766319274902,
                0.9690654277801514,
                0.0,
                -0.9378939270973206,
                0.24410197138786316,
                0.24651026725769043,
                0.0,
                21.57822036743164,
                0.24061203002929688,
                0.9854588508605957,
                1.0
            ]
        },
        {
            "barriers": [],
            "blocks": [
                [
                    0,
                    0
                ],
                [
                    -1,
                    0
                ],
                [
                    0,
                    -1
                ]
            ],
            "color": [
                0.9919999837875366,
                0.9919999837875366,
                0.5879999995231628
            ],
            "fixed": false,
            "rotationLevel": 1,
            "snapPanel": null,
            "transform": [
                -0.16515719890594482,
                -0.9862672686576843,
                -5.838791548740119e-05,
                0.0,
                0.9862672686576843,
                -0.16515719890594482,
                -7.171313336584717e-05,
                0.0,
                6.108512752689421e-05,
                -6.943002517800778e-05,
                1.0,
                0.0,
                -1.1364182233810425,
                -13.509824752807617,
                6.65439029035042e-06,
                1.0
            ]
        },
        {
            "barriers": [],
            "blocks": [
                [
                    0,
                    0
                ]
            ],
            "color": [
                0.9919999837875366,
                0.9919999837875366,
                0.5879999995231628
            ],
            "fixed": true,
            "rotationLevel": 0,
            "snapCoordinates": [
                3,
                1
            ],
            "snapPanel": 4,
            "transform": [
                0.5474785566329956,
                -0.8368167281150818,
                -0.002537580206990242,
                0.0,
                0.35598453879356384,
                0.23015260696411133,
                0.9057087302207947,
                0.0,
                -0.7573263645172119,
                -0.49675819277763367,
                0.4238963723182678,
                0.0,
                -0.6444386839866638,
                -13.994546890258789,
                1.1923832893371582,
                1.0
            ]
        },
        {
            "barriers": [],
            "blocks": [
                [
                    0,
                    0
                ],
                [
                    -1,
                    0
                ],
                [
                    0,
                    -1
                ]
            ],
            "color": [
                0.9919999837875366,
                0.9919999837875366,
                0.5879999995231628
            ],
            "fixed": false,
            "rotationLevel": 1,
            "snapPanel": null,
            "transform": [
                -0.2601799964904785,
                -0.9655485153198242,
                -0.004739339929074049,
                0.0,
                0.9654980897903442,
                -0.2602158784866333,
                0.010065387934446335,
                0.0,
                -0.010951871052384377,
                -0.0019570104777812958,
                0.9999381303787231,
                0.0,
                -1.149463176727295,
                -13.522897720336914,
                0.062079623341560364,
                1.0
            ]
        },
        {
            "barriers": [],
            "blocks": [
                [
                    0,
                    0
                ],
                [
                    -1,
                    0
                ],
                [
                    0,
                    -1
                ]
            ],
            "color": [
                0.9919999837875366,
                0.9919999837875366,
                0.5879999995231628
            ],
            "fixed": false,
            "rotationLevel": 1,
            "snapPanel": null,
            "transform": [
                -0.8041316270828247,
                -0.21584908664226532,
                -0.5538788437843323,
                0.0,
                0.259712815284729,
                -0.9656858444213867,
                -0.0007237792015075684,
                0.0,
                -0.5347166657447815,
                -0.1444314420223236,
                0.8325969576835632,
                0.0,
                -1.4939498901367188,
                -13.628398895263672,
                0.04561574012041092,
                1.0
            ]
        },
        {
            "barriers": [],
            "blocks": [
                [
                    0,
                    0
                ],
                [
                    -1,
                    0
                ],
                [
                    0,
                    -1
                ]
            ],
            "color": [
                0.9919999837875366,
                0.9919999837875366,
                0.5879999995231628
            ],
            "fixed": false,
            "rotationLevel": 2,
            "snapPanel": null,
            "transform": [
                -0.9406266212463379,
                0.33944329619407654,
                -1.7560594756105274e-08,
                0.0,
                -0.33944329619407654,
                -0.9406266212463379,
                -1.0146509410446924e-08,
                0.0,
                -1.9962126174277728e-08,
                -3.583249696959001e-09,
                1.0,
                0.0,
                -1.9167594909667969,
                -13.517870903015137,
                -6.4932237364701e-10,
                1.0
            ]
        },
        {
            "barriers": [],
            "blocks": [
                [
                    0,
                    0
                ],
                [
                    -1,
                    0
                ],
                [
                    0,
                    -1
                ]
            ],
            "color": [
                0.9919999837875366,
                0.9919999837875366,
                0.5879999995231628
            ],
            "fixed": false,
            "rotationLevel": 2,
            "snapPanel": null,
            "transform": [
                -0.935091495513916,
                0.3544061481952667,
                0.00016470473201479763,
                0.0,
                -0.35440585017204285,
                -0.9350911378860474,
                0.0009543333435431123,
                0.0,
                0.0004922355292364955,
                0.0008340167114511132,
                0.9999995231628418,
                0.0,
                3.375352382659912,
                -7.819161891937256,
                -5.946609962848015e-05,
                1.0
            ]
        },
        {
            "barriers": [],
            "blocks": [
                [
                    0,
                    0
                ],
                [
                    -1,
                    0
                ],
                [
                    0,
                    -1
                ]
            ],
            "color": [
                0.9919999837875366,
                0.9919999837875366,
                0.5879999995231628
            ],
            "fixed": false,
            "rotationLevel": 2,
            "snapPanel": null,
            "transform": [
                -0.8658779859542847,
                0.5002549290657043,
                0.000725042016711086,
                0.0,
                -0.5002503991127014,
                -0.8658747673034668,
                0.0032496177591383457,
                0.0,
                0.002253432758152485,
                0.00245106965303421,
                0.9999944567680359,
                0.0,
                3.450101137161255,
                -7.825779914855957,
                0.062022075057029724,
                1.0
            ]
        },
        {
            "barriers": [],
            "blocks": [
                [
                    0,
                    0
                ],
                [
                    -1,
                    0
                ],
                [
                    0,
                    -1
                ]
            ],
            "color": [
                0.9919999837875366,
                0.9919999837875366,
                0.5879999995231628
            ],
            "fixed": false,
            "rotationLevel": 2,
            "snapPanel": null,
            "transform": [
                -0.7854572534561157,
                0.24880889058113098,
                -0.5667019486427307,
                0.0,
                -0.30186501145362854,
                -0.9533506631851196,
                -0.0001766011118888855,
                0.0,
                -0.5403096079826355,
                0.17092877626419067,
                0.823922872543335,
                0.0,
                3.299863338470459,
                -7.7077531814575195,
                0.04669177159667015,
                1.0
            ]
        },
        {
            "barriers": [],
            "blocks": [
                [
                    0,
                    0
                ],
                [
                    -1,
                    0
                ],
                [
                    0,
                    -1
                ]
            ],
            "color": [
                0.9919999837875366,
                0.9919999837875366,
                0.5879999995231628
            ],
            "fixed": false,
            "rotationLevel": 2,
            "snapPanel": null,
            "transform": [
                -0.9446659088134766,
                0.32803431153297424,
                -6.188948873386835e-07,
                0.0,
                -0.32803431153297424,
                -0.9446659088134766,
                -1.760301131525921e-07,
                0.0,
                -6.423927061405266e-07,
                3.672911219609887e-08,
                1.0,
                0.0,
                3.0416336059570313,
                -7.879689693450928,
                -9.978840154190038e-08,
                1.0
            ]
        },
        {
            "barriers": [],
            "blocks": [
                [
                    0,
                    0
                ],
                [
                    -1,
                    0
                ],
                [
                    0,
                    -1
                ],
                [
                    -1,
                    -1
                ]
            ],
            "color": [
                0.9919999837875366,
                0.9919999837875366,
                0.5879999995231628
            ],
            "fixed": false,
            "rotationLevel": 2,
            "snapPanel": null,
            "transform": [
                -0.9526054859161377,
                0.30420878529548645,
                -2.868533677258256e-08,
                0.0,
                -0.30420878529548645,
                -0.9526054859161377,
                -2.6039458589366404e-08,
                0.0,
                -3.524723979353439e-08,
                -1.6078995912494065e-08,
                1.0,
                0.0,
                2.7533090114593506,
                -7.530189514160156,
                -2.2078510131251505e-09,
                1.0
            ]
        },
        {
            "barriers": [],
            "blocks": [
                [
                    0,
                    0
                ],
                [
                    0,
                    1
                ],
                [
                    0,
                    2
                ],
                [
                    1,
                    0
                ]
            ],
            "color": [
                0.9919999837875366,
                0.9919999837875366,
                0.5879999995231628
            ],
            "fixed": true,
            "rotationLevel": 2,
            "snapCoordinates": [
                2,
                5
            ],
            "snapPanel": 5,
            "transform": [
                0.2489013969898224,
                0.9684556722640991,
                -0.012003069743514061,
                0.0,
                -0.24166429042816162,
                0.0500992126762867,
                -0.9690658450126648,
                0.0,
                -0.9378939270973206,
                0.24410197138786316,
                0.24651026725769043,
                0.0,
                21.734546661376953,
                -0.240583598613739,
                2.0567259788513184,
                1.0
            ]
        },
        {
            "barriers": [],
            "blocks": [
                [
                    0,
                    0
                ],
                [
                    0,
                    1
                ],
                [
                    0,
                    2
                ],
                [
                    1,
                    0
                ]
            ],
            "color": [
                0.9919999837875366,
                0.9919999837875366,
                0.5879999995231628
            ],
            "fixed": true,
            "rotationLevel": 3,
            "snapCoordinates": [
                0,
                6
            ],
            "snapPanel": 5,
            "transform": [
                -0.24166029691696167,
                0.05011475458741188,
                -0.9690660238265991,
                0.0,
                -0.24890528619289398,
                -0.9684548377990723,
                0.011987516656517982,
                0.0,
                -0.9378939270973206,
                0.24410197138786316,
                0.24651026725769043,
                0.0,
                21.897228240966797,
                0.1745227575302124,
                2.264625072479248,
                1.0
            ]
        },
        {
            "barriers": [],
            "blocks": [
                [
                    0,
                    0
                ],
                [
                    0,
                    1
                ],
                [
                    1,
                    0
                ]
            ],
            "color": [
                0.9919999837875366,
                0.9919999837875366,
                0.5879999995231628
            ],
            "fixed": true,
            "rotationLevel": 3,
            "snapCoordinates": [
                0,
                4
            ],
            "snapPanel": 5,
            "transform": [
                -0.24166029691696167,
                0.05011475458741188,
                -0.9690660238265991,
                0.0,
                -0.24890528619289398,
                -0.9684548377990723,
                0.011987516656517982,
                0.0,
                -0.9378939270973206,
                0.24410197138786316,
                0.24651026725769043,
                0.0,
                21.790891647338867,
                0.19655251502990723,
                1.8382364511489868,
                1.0
            ]
        },
        {
            "barriers": [],
            "blocks": [
                [
                    0,
                    0
                ],
                [
                    0,
                    1
                ],
                [
                    0,
                    -1
                ]
            ],
            "color": [
                0.9919999837875366,
                0.9919999837875366,
                0.5879999995231628
            ],
            "fixed": true,
            "rotationLevel": 2,
            "snapCoordinates": [
                1,
                2
            ],
            "snapPanel": 5,
            "transform": [
                0.2489013969898224,
                0.9684556722640991,
                -0.012003069743514061,
                0.0,
                -0.24166429042816162,
                0.0500992126762867,
                -0.9690658450126648,
                0.0,
                -0.9378939270973206,
                0.24410197138786316,
                0.24651026725769043,
                0.0,
                21.629798889160156,
                0.005521655082702637,
                1.4144952297210693,
                1.0
            ]
        },
        {
            "barriers": [],
            "blocks": [
                [
                    0,
                    0
                ],
                [
                    0,
                    1
                ],
                [
                    0,
                    2
                ],
                [
                    1,
                    0
                ]
            ],
            "color": [
                0.9919999837875366,
                0.9919999837875366,
                0.5879999995231628
            ],
            "fixed": true,
            "rotationLevel": 2,
            "snapCoordinates": [
                5,
                3
            ],
            "snapPanel": 5,
            "transform": [
                0.2489013969898224,
                0.9684556722640991,
                -0.012003069743514061,
                0.0,
                -0.24166429042816162,
                0.0500992126762867,
                -0.9690658450126648,
                0.0,
                -0.9378939270973206,
                0.24410197138786316,
                0.24651026725769043,
                0.0,
                21.46394157409668,
                -0.8577356338500977,
                1.6382801532745361,
                1.0
            ]
        },
        {
            "barriers": [],
            "blocks": [
                [
                    0,
                    0
                ]
            ],
            "color": [
                0.9919999837875366,
                0.9919999837875366,
                0.5879999995231628
            ],
            "fixed": true,
            "rotationLevel": 0,
            "snapCoordinates": [
                3,
                1
            ],
            "snapPanel": 5,
            "transform": [
                -0.24889352917671204,
                -0.9684572815895081,
                0.012034637853503227,
                0.0,
                0.24167239665985107,
                -0.05006766319274902,
                0.9690654277801514,
                0.0,
                -0.9378939270973206,
                0.24410197138786316,
                0.24651026725769043,
                0.0,
                21.467117309570313,
                -0.409584641456604,
                1.2065961360931396,
                1.0
            ]
        },
        {
            "barriers": [],
            "blocks": [
                [
                    0,
                    0
                ],
                [
                    -1,
                    0
                ],
                [
                    0,
                    1
                ],
                [
                    0,
                    2
                ]
            ],
            "color": [
                0.9919999837875366,
                0.9919999837875366,
                0.5879999995231628
            ],
            "fixed": true,
            "rotationLevel": 0,
            "snapCoordinates": [
                6,
                0
            ],
            "snapPanel": 5,
            "transform": [
                -0.24889352917671204,
                -0.9684572815895081,
                0.012034637853503227,
                0.0,
                0.24167239665985107,
                -0.05006766319274902,
                0.9690654277801514,
                0.0,
                -0.9378939270973206,
                0.24410197138786316,
                0.24651026725769043,
                0.0,
                21.249679565429688,
                -1.03775155544281,
                1.0013445615768433,
                1.0
            ]
        },
        {
            "barriers": [],
            "blocks": [
                [
                    0,
                    0
                ],
                [
                    0,
                    1
                ],
                [
                    0,
                    2
                ],
                [
                    1,
                    0
                ]
            ],
            "color": [
                0.9919999837875366,
                0.9919999837875366,
                0.5879999995231628
            ],
            "fixed": true,
            "rotationLevel": 1,
            "snapCoordinates": [
                6,
                5
            ],
            "snapPanel": 5,
            "transform": [
                0.24166834354400635,
                -0.05008343607187271,
                0.9690656065940857,
                0.0,
                0.2488974630832672,
                0.9684564471244812,
                -0.012018853798508644,
                0.0,
                -0.9378939270973206,
                0.24410197138786316,
                0.24651026725769043,
                0.0,
                21.515520095825195,
                -1.0928258895874023,
                2.0673165321350098,
                1.0
            ]
        },
        {
            "barriers": [],
            "blocks": [
                [
                    0,
                    0
                ],
                [
                    0,
                    1
                ],
                [
                    1,
                    0
                ]
            ],
            "color": [
                0.9919999837875366,
                0.9919999837875366,
                0.5879999995231628
            ],
            "fixed": true,
            "rotationLevel": 2,
            "snapCoordinates": [
                6,
                4
