{
    "barriers": [
        {
            "diameter": 3.0,
            "name": "intro.easy-solo",
            "powered": true,
            "transform": [
                2.9779276847839355,
                0.36324506998062134,
                0.0,
                0.0,
                -0.36324506998062134,
                2.9779276847839355,
                0.0,
                0.0,
                0.0,
                0.0,
                1.0,
                0.0,
                12.24120807647705,
                2.522948741912842,
                0.0,
                1.0
            ]
        },
        {
            "diameter": 5.0,
            "name": "intro.easy-duo",
            "powered": false,
            "transform": [
                4.994182109832764,
                0.2411373257637024,
                0.0,
                0.0,
                -0.2411373257637024,
                4.994182109832764,
                0.0,
                0.0,
                0.0,
                0.0,
                1.0,
                0.0,
                -6.679142951965332,
                0.5149967074394226,
                1.6545393466949463,
                1.0
            ]
        },
        {
            "diameter": 12.5,
            "name": "intro.hard-duo",
            "powered": false,
            "transform": [
                12.5,
                0.0,
                0.0,
                0.0,
                0.0,
                12.5,
                0.0,
                0.0,
                0.0,
                0.0,
                1.0,
                0.0,
                0.6262658834457397,
                14.697678565979004,
                1.0155482292175293,
                1.0
            ]
        }
    ],
    "bricks": [
        {
            "barriers": [],
            "blocks": [
                [
                    0,
                    0
                ],
                [
                    1,
                    0
                ],
                [
                    0,
                    1
                ]
            ],
            "color": [
                0.5,
                0.5,
                0.5
            ],
            "fixed": true,
            "rotationLevel": 0,
            "snapCoordinates": [
                0,
                0
            ],
            "snapPanel": 0,
            "transform": [
                0.9856471419334412,
                0.1688149869441986,
                4.39583999423121e-07,
                0.0,
                -0.11937038600444794,
                0.6969568729400635,
                0.7071066498756409,
                0.0,
                0.11937004327774048,
                -0.696958601474762,
                0.7071059942245483,
                0.0,
                7.013349533081055,
                -13.608377456665039,
                2.094590425491333,
                1.0
            ]
        },
        {
            "barriers": [],
            "blocks": [
                [
                    0,
                    0
                ],
                [
                    -1,
                    0
                ],
                [
                    -1,
                    1
                ],
                [
                    -1,
                    -1
                ],
                [
                    0,
                    -1
                ],
                [
                    1,
                    -1
                ]
            ],
            "color": [
                0.9919999837875366,
                0.9919999837875366,
                0.5879999995231628
            ],
            "fixed": false,
            "rotationLevel": 1,
            "snapPanel": null,
            "transform": [
                0.5559848546981812,
                -0.8311921954154968,
                -1.8819827118932153e-07,
                0.0,
                0.8311921954154968,
                0.5559848546981812,
                -4.690870269996594e-08,
                0.0,
                1.4362558431457728e-07,
                -1.303484395975829e-07,
                1.0,
                0.0,
                6.676617622375488,
                -14.082524299621582,
                -2.3824977546382797e-08,
                1.0
            ]
        },
        {
            "barriers": [
                0
            ],
            "blocks": [
                [
                    0,
                    0
                ],
                [
                    0,
                    1
                ],
                [
                    1,
                    0
                ]
            ],
            "color": [
                0.9919999837875366,
                0.9919999837875366,
                0.5879999995231628
            ],
            "fixed": false,
            "rotationLevel": 1,
            "snapPanel": null,
            "transform": [
                -0.9301813244819641,
                0.23249134421348572,
                0.2840935289859772,
                0.0,
                -0.24248114228248596,
                -0.9701550602912903,
                4.351134975877358e-06,
                0.0,
                0.27561622858047485,
                -0.06888337433338165,
                0.9587964415550232,
                0.0,
                13.030619621276855,
                3.0719590187072754,
                0.02343721315264702,
                1.0
            ]
        },
        {
            "barriers": [
                0
            ],
            "blocks": [
                [
                    0,
                    0
                ],
                [
                    0,
                    1
                ],
                [
                    1,
                    0
                ]
            ],
            "color": [
                0.9919999837875366,
                0.9919999837875366,
                0.5879999995231628
            ],
            "fixed": false,
            "rotationLevel": 3,
            "snapPanel": null,
            "transform": [
                0.21559733152389526,
                0.9764823913574219,
                3.951825874537462e-06,
                0.0,
                -0.9764823913574219,
                0.21559733152389526,
                3.2437103527627187e-06,
                0.0,
                2.3154227619670564e-06,
                -4.558223736239597e-06,
                1.0,
                0.0,
                12.842482566833496,
                3.0628933906555176,
                6.33348918199772e-07,
                1.0
            ]
        },
        {
            "barriers": [
                0
            ],
            "blocks": [
                [
                    0,
                    0
                ],
                [
                    0,
                    1
                ]
            ],
            "color": [
                0.9919999837875366,
                0.9919999837875366,
                0.5879999995231628
            ],
            "fixed": false,
            "rotationLevel": 0,
            "snapPanel": null,
            "transform": [
                0.9672828912734985,
                0.25369927287101746,
                -2.6342330983197826e-08,
                0.0,
                -0.25369927287101746,
                0.9672828912734985,
                6.391658313731341e-09,
                0.0,
                2.710205748712724e-08,
                5.004887615456255e-10,
                1.0,
                0.0,
                12.72929859161377,
                2.618342161178589,
                -1.7234771387819592e-09,
                1.0
            ]
        },
        {
            "barriers": [
                0
            ],
            "blocks": [
                [
                    0,
                    0
                ]
            ],
            "color": [
                0.9919999837875366,
                0.9919999837875366,
                0.5879999995231628
            ],
            "fixed": true,
            "rotationLevel": 0,
            "snapCoordinates": [
                0,
                0
            ],
            "snapPanel": 1,
            "transform": [
                -0.8595516085624695,
                -0.5091808438301086,
                -0.043513115495443344,
                0.0,
                0.30196231603622437,
                -0.5747413039207458,
                0.7605793476104736,
                0.0,
                -0.4122852683067322,
                0.6406241655349731,
                0.6477795839309692,
                0.0,
                12.255987167358398,
                1.9983338117599487,
                1.0991395711898804,
                1.0
            ]
        },
        {
            "barriers": [
                1
            ],
            "blocks": [
                [
                    0,
                    0
                ],
                [
                    0,
                    1
                ],
                [
                    1,
                    0
                ]
            ],
            "color": [
                0.9919999837875366,
                0.9919999837875366,
                0.5879999995231628
            ],
            "fixed": false,
            "rotationLevel": 0,
            "snapPanel": null,
            "transform": [
                0.23972509801387787,
                -0.9685367941856384,
                0.06684441864490509,
                0.0,
                -0.9707910418510437,
                -0.23844705522060394,
                0.026602646335959435,
                0.0,
                -0.00982679147273302,
                -0.07126928865909576,
                -0.9974086284637451,
                0.0,
                -6.745800495147705,
                1.2773287296295166,
                1.8694827556610107,
                1.0
            ]
        },
        {
            "barriers": [
                1
            ],
            "blocks": [
                [
                    0,
                    0
                ],
                [
                    0,
                    1
                ],
                [
                    1,
                    0
                ]
            ],
            "color": [
                0.9919999837875366,
                0.9919999837875366,
                0.5879999995231628
            ],
            "fixed": false,
            "rotationLevel": 1,
            "snapPanel": null,
            "transform": [
                0.9630148410797119,
                0.2679213285446167,
                -0.02863200195133686,
                0.0,
                -0.2692676782608032,
                0.9608010649681091,
                -0.0660005658864975,
                0.0,
                0.009826699271798134,
                0.0712692141532898,
                0.997408390045166,
                0.0,
                -6.869073867797852,
                0.2192402184009552,
                1.8836400508880615,
                1.0
            ]
        },
        {
            "barriers": [
                1
            ],
            "blocks": [
                [
                    0,
                    0
                ],
                [
                    0,
                    1
                ],
                [
                    1,
                    0
                ]
            ],
            "color": [
                0.9919999837875366,
                0.9919999837875366,
                0.5879999995231628
            ],
            "fixed": false,
            "rotationLevel": 0,
            "snapPanel": null,
            "transform": [
                0.9776495695114136,
                -0.21017219126224518,
                0.005385905038565397,
                0.0,
                0.21001142263412476,
                0.9750632047653198,
                -0.07174164056777954,
                0.0,
                0.00982650276273489,
                0.07126928865909576,
                0.9974085688591003,
                0.0,
                -6.44150447845459,
                1.1451630592346191,
                1.8132660388946533,
                1.0
            ]
        },
        {
            "barriers": [
                1
            ],
            "blocks": [
                [
                    0,
                    0
                ],
                [
                    0,
                    1
                ]
            ],
            "color": [
                0.9919999837875366,
                0.9919999837875366,
                0.5879999995231628
            ],
            "fixed": false,
            "rotationLevel": 0,
            "snapPanel": null,
            "transform": [
                -0.48048484325408936,
                0.8750962615013123,
                -0.057795725762844086,
                0.0,
                -0.8769474625587463,
                -0.4786716401576996,
                0.04284334182739258,
                0.0,
                0.00982687622308731,
                0.0712694302201271,
                0.9974085092544556,
                0.0,
                -6.857071399688721,
                -0.200195774435997,
                1.9134923219680786,
                1.0
            ]
        },
        {
            "barriers": [
                1
            ],
            "blocks": [
                [
                    0,
                    0
                ],
                [
                    0,
                    1
                ]
            ],
            "color": [
                0.9919999837875366,
                0.9919999837875366,
                0.5879999995231628
            ],
            "fixed": false,
            "rotationLevel": 0,
            "snapPanel": null,
            "transform": [
                0.8197439908981323,
                -0.5717914700508118,
                0.03277461975812912,
                0.0,
                0.5559269189834595,
                0.8081498146057129,
                0.1945226788520813,
                0.0,
                -0.13771319389343262,
                -0.1412384808063507,
                0.9803500771522522,
                0.0,
                -6.4938459396362305,
                -0.1112038716673851,
                1.9248188734054565,
                1.0
            ]
        },
        {
            "barriers": [
                1
            ],
            "blocks": [
                [
                    0,
                    0
                ],
                [
                    0,
                    1
                ]
            ],
            "color": [
                0.9919999837875366,
                0.9919999837875366,
                0.5879999995231628
            ],
            "fixed": false,
            "rotationLevel": 0,
            "snapPanel": null,
            "transform": [
                -0.7343562841415405,
                -0.6764849424362183,
                0.055573128163814545,
                0.0,
                -0.6786926984786987,
                0.7329996228218079,
                -0.04568956047296524,
                0.0,
                -0.009826784953474998,
                -0.07126951217651367,
                -0.9974084496498108,
                0.0,
                -6.159431457519531,
                0.3013627529144287,
                1.9334427118301392,
                1.0
            ]
        },
        {
            "barriers": [
                1
            ],
            "blocks": [
                [
                    0,
                    0
                ],
                [
                    0,
                    1
                ],
                [
                    0,
                    2
                ]
            ],
            "color": [
                0.9919999837875366,
                0.9919999837875366,
                0.5879999995231628
            ],
            "fixed": false,
            "rotationLevel": 0,
            "snapPanel": null,
            "transform": [
                0.23397381603717804,
                -0.969932496547699,
                0.06698432564735413,
                0.0,
                0.9721931219100952,
                0.2327096164226532,
                -0.026201985776424408,
                0.0,
                0.00982626061886549,
                0.07125229388475418,
                0.9974098801612854,
                0.0,
                -6.793787002563477,
                0.026100125163793564,
                1.8966970443725586,
                1.0
            ]
        },
        {
            "barriers": [],
            "blocks": [
                [
                    0,
                    0
                ],
                [
                    0,
                    1
                ],
                [
                    0,
                    2
                ],
                [
                    1,
                    0
                ]
            ],
            "color": [
                0.9919999837875366,
                0.9919999837875366,
                0.5879999995231628
            ],
            "fixed": true,
            "rotationLevel": 0,
            "snapCoordinates": [
                0,
                0
            ],
            "snapPanel": 5,
            "transform": [
                0.024623652920126915,
                -0.9996252059936523,
                0.012034635059535503,
                0.0,
                0.24616670608520508,
                0.017730534076690674,
                0.9690653085708618,
                0.0,
                -0.9689133763313293,
                -0.020899387076497078,
                0.24651053547859192,
                0.0,
                39.35700225830078,
                21.157730102539063,
                9.041606903076172,
                1.0
            ]
        },
        {
            "barriers": [],
            "blocks": [
                [
                    0,
                    0
                ],
                [
                    -1,
                    0
                ],
                [
                    0,
                    -1
                ]
            ],
            "color": [
                0.9919999837875366,
                0.9919999837875366,
                0.5879999995231628
            ],
            "fixed": false,
            "rotationLevel": 1,
            "snapPanel": null,
            "transform": [
                0.22624550759792328,
                -0.9740702509880066,
                4.475377846091533e-09,
                0.0,
                0.9740702509880066,
                0.22624550759792328,
                -4.586955260066361e-09,
                0.0,
                3.455483010839089e-09,
                5.397111202398719e-09,
                1.0,
                0.0,
                -1.222680687904358,
                11.776196479797363,
                5.640179434607262e-10,
                1.0
            ]
        },
        {
            "barriers": [],
            "blocks": [
                [
                    0,
                    0
                ]
            ],
            "color": [
                0.9919999837875366,
                0.9919999837875366,
                0.5879999995231628
            ],
            "fixed": true,
            "rotationLevel": 0,
            "snapCoordinates": [
                3,
                1
            ],
            "snapPanel": 4,
            "transform": [
                0.5474785566329956,
                -0.8368167281150818,
                -0.002537580206990242,
                0.0,
                0.35598453879356384,
                0.23015260696411133,
                0.9057087302207947,
                0.0,
                -0.7573263645172119,
                -0.49675819277763367,
                0.4238963723182678,
                0.0,
                -0.6444386839866638,
                11.214940071105957,
                2.2079315185546875,
                1.0
            ]
        },
        {
            "barriers": [],
            "blocks": [
                [
                    0,
                    0
                ],
                [
                    -1,
                    0
                ],
                [
                    0,
                    -1
                ]
            ],
            "color": [
                0.9919999837875366,
                0.9919999837875366,
                0.5879999995231628
            ],
            "fixed": false,
            "rotationLevel": 1,
            "snapPanel": null,
            "transform": [
                0.6188384294509888,
                0.7855182886123657,
                -3.407284010492617e-09,
                0.0,
                -0.7855182886123657,
                0.6188384294509888,
                6.077934266990326e-10,
                0.0,
                2.5859911989556394e-09,
                2.3003581262059924e-09,
                1.0,
                0.0,
                -0.7591912746429443,
                11.581856727600098,
                -7.792730905009648e-10,
                1.0
            ]
        },
        {
            "barriers": [],
            "blocks": [
                [
                    0,
                    0
                ],
                [
                    -1,
                    0
                ],
                [
                    0,
                    -1
                ]
            ],
            "color": [
                0.9919999837875366,
                0.9919999837875366,
                0.5879999995231628
            ],
            "fixed": false,
            "rotationLevel": 1,
            "snapPanel": null,
            "transform": [
                -0.999693751335144,
                0.02475898712873459,
                1.0876687156269327e-05,
                0.0,
                -0.02374451793730259,
                -0.9586080312728882,
                -0.28373730182647705,
                0.0,
                -0.0070146177895367146,
                -0.2836505174636841,
                0.9589018821716309,
                0.0,
                -1.5982309579849243,
                11.5507230758667,
                0.02341187559068203,
                1.0
            ]
        },
        {
            "barriers": [],
            "blocks": [
                [
                    0,
                    0
                ],
                [
                    -1,
                    0
                ],
                [
                    0,
                    -1
                ]
            ],
            "color": [
                0.9919999837875366,
                0.9919999837875366,
                0.5879999995231628
            ],
            "fixed": false,
            "rotationLevel": 2,
            "snapPanel": null,
            "transform": [
                -0.7353909611701965,
                0.6776428818702698,
                3.3237181469303323e-06,
                0.0,
                -0.6776428818702698,
                -0.7353909611701965,
                -1.394185619574273e-05,
                0.0,
                -7.0033693191362545e-06,
                -1.2505012819019612e-05,
                1.0,
                0.0,
                -1.9114876985549927,
                11.833428382873535,
                2.095406671287492e-06,
                1.0
            ]
        },
        {
            "barriers": [],
            "blocks": [
                [
                    0,
                    0
                ],
                [
                    -1,
                    0
                ],
                [
                    0,
                    -1
                ]
            ],
            "color": [
                0.9919999837875366,
                0.9919999837875366,
                0.5879999995231628
            ],
            "fixed": false,
            "rotationLevel": 2,
            "snapPanel": null,
            "transform": [
                0.0002828836441040039,
                7.719174027442932e-05,
                -0.9999999403953552,
                0.0,
                0.051381342113018036,
                -0.9986792802810669,
                -6.255321932258084e-05,
                0.0,
                -0.9986789226531982,
                -0.05138130486011505,
                -0.0002865790738724172,
                0.0,
                3.395956039428711,
                17.592506408691406,
                0.08252949267625809,
                1.0
            ]
        },
        {
            "barriers": [],
            "blocks": [
                [
                    0,
                    0
                ],
                [
                    -1,
                    0
                ],
                [
                    0,
                    -1
                ]
            ],
            "color": [
                0.9919999837875366,
                0.9919999837875366,
                0.5879999995231628
            ],
            "fixed": false,
            "rotationLevel": 2,
            "snapPanel": null,
            "transform": [
                0.01837301068007946,
                0.9998311400413513,
                6.096945170952495e-10,
                0.0,
                -0.9998311400413513,
                0.01837301068007946,
                -6.328257362575584e-10,
                0.0,
                -6.439208610764524e-10,
                -5.979647887954798e-10,
                1.0,
                0.0,
                3.8381052017211914,
                17.241853713989258,
                8.490851355347218e-10,
                1.0
            ]
        },
        {
            "barriers": [],
            "blocks": [
                [
                    0,
                    0
                ],
                [
                    -1,
                    0
                ],
                [
                    0,
                    -1
                ]
            ],
            "color": [
                0.9919999837875366,
                0.9919999837875366,
                0.5879999995231628
            ],
            "fixed": false,
            "rotationLevel": 2,
            "snapPanel": null,
            "transform": [
                -0.9978177547454834,
                -0.0660204216837883,
                0.0003757004451472312,
                0.0,
                0.06602054089307785,
                -0.997818112373352,
                0.0002529046614654362,
                0.0,
                0.00035818404285237193,
                0.00027715685428120196,
                0.9999998807907104,
                0.0,
                3.263745069503784,
                17.510160446166992,
                -1.7876068341138307e-06,
                1.0
            ]
        },
        {
            "barriers": [],
            "blocks": [
                [
                    0,
                    0
                ],
                [
                    -1,
                    0
                ],
                [
                    0,
                    -1
                ]
            ],
            "color": [
                0.9919999837875366,
                0.9919999837875366,
                0.5879999995231628
            ],
            "fixed": false,
            "rotationLevel": 2,
            "snapPanel": null,
            "transform": [
                -0.9983838200569153,
                0.05682520568370819,
                4.438016176777637e-09,
                0.0,
                -0.05682520568370819,
                -0.9983838200569153,
                3.851842400592886e-09,
                0.0,
                4.649728158057087e-09,
                3.5934284436933694e-09,
                1.0,
                0.0,
                3.0250465869903564,
                17.32242202758789,
                -6.326689172553301e-10,
                1.0
            ]
        },
        {
            "barriers": [],
            "blocks": [
                [
                    0,
                    0
                ],
                [
                    -1,
                    0
                ],
                [
                    0,
                    -1
                ],
                [
                    -1,
                    -1
                ]
            ],
            "color": [
                0.9919999837875366,
                0.9919999837875366,
                0.5879999995231628
            ],
            "fixed": false,
            "rotationLevel": 2,
            "snapPanel": null,
            "transform": [
                0.6629731059074402,
                0.7486431002616882,
                -8.514691671734909e-07,
                0.0,
                0.748643159866333,
                -0.662973165512085,
                -7.001132189543569e-07,
                0.0,
                -1.088636167878576e-06,
                -1.7329034562862944e-07,
                -1.0,
                0.0,
                2.5518076419830322,
                17.66096305847168,
                0.06249997019767761,
                1.0
            ]
        },
        {
            "barriers": [],
            "blocks": [
                [
                    0,
                    0
                ],
                [
                    0,
                    1
                ],
                [
                    0,
                    2
                ],
                [
                    1,
                    0
                ]
            ],
            "color": [
                0.9919999837875366,
                0.9919999837875366,
                0.5879999995231628
            ],
            "fixed": true,
            "rotationLevel": 2,
            "snapCoordinates": [
                2,
                5
            ],
            "snapPanel": 5,
            "transform": [
                -0.024615198373794556,
                0.9996261596679688,
                -0.012003197334706783,
                0.0,
                -0.24616721272468567,
                -0.017698051407933235,
                -0.9690659046173096,
                0.0,
                -0.9689136743545532,
                -0.020898884162306786,
                0.24651014804840088,
                0.0,
                39.63859558105469,
                20.737390518188477,
                10.112873077392578,
                1.0
            ]
        },
        {
            "barriers": [],
            "blocks": [
                [
                    0,
                    0
                ],
                [
                    0,
                    1
                ],
                [
                    0,
                    2
                ],
                [
                    1,
                    0
                ]
            ],
            "color": [
                0.9919999837875366,
                0.9919999837875366,
                0.5879999995231628
            ],
            "fixed": true,
            "rotationLevel": 3,
            "snapCoordinates": [
                0,
                6
            ],
            "snapPanel": 5,
            "transform": [
                -0.2461676448583603,
                -0.017681816592812538,
                -0.9690659642219543,
                0.0,
                0.024611685425043106,
                -0.9996263980865479,
                0.011987430974841118,
                0.0,
                -0.9689134955406189,
                -0.02089937962591648,
                0.2465101182460785,
                0.0,
                39.68194580078125,
                21.181129455566406,
                10.320772171020508,
                1.0
            ]
        },
        {
            "barriers": [],
            "blocks": [
                [
                    0,
                    0
                ],
                [
                    0,
                    1
                ],
                [
                    1,
                    0
                ]
            ],
            "color": [
                0.9919999837875366,
                0.9919999837875366,
                0.5879999995231628
            ],
            "fixed": true,
            "rotationLevel": 3,
            "snapCoordinates": [
                0,
                4
            ],
            "snapPanel": 5,
            "transform": [
                -0.2461676448583603,
                -0.017681816592812538,
                -0.9690659642219543,
                0.0,
                0.024611685425043106,
                -0.9996263980865479,
                0.011987430974841118,
                0.0,
                -0.9689134955406189,
                -0.02089937962591648,
                0.2465101182460785,
                0.0,
                39.57362365722656,
                21.173320770263672,
                9.894384384155273,
                1.0
            ]
        },
        {
            "barriers": [],
            "blocks": [
                [
                    0,
                    0
                ],
                [
                    0,
                    1
                ],
                [
                    0,
                    -1
                ]
            ],
            "color": [
                0.9919999837875366,
                0.9919999837875366,
                0.5879999995231628
            ],
            "fixed": true,
            "rotationLevel": 2,
            "snapCoordinates": [
                1,
                2
            ],
            "snapPanel": 5,
            "transform": [
                -0.024615198373794556,
                0.9996261596679688,
                -0.012003197334706783,
                0.0,
                -0.24616721272468567,
                -0.017698051407933235,
                -0.9690659046173096,
                0.0,
                -0.9689136743545532,
                -0.020898884162306786,
                0.24651014804840088,
                0.0,
                39.47068786621094,
                20.945615768432617,
                9.470640182495117,
                1.0
            ]
        },
        {
            "barriers": [],
            "blocks": [
                [
                    0,
                    0
                ],
                [
                    0,
                    1
                ],
                [
                    0,
                    2
                ],
                [
                    1,
                    0
                ]
            ],
            "color": [
                0.9919999837875366,
                0.9919999837875366,
                0.5879999995231628
            ],
            "fixed": true,
            "rotationLevel": 2,
            "snapCoordinates": [
                5,
                3
            ],
            "snapPanel": 5,
            "transform": [
                -0.024615198373794556,
                0.9996261596679688,
                -0.012003197334706783,
                0.0,
                -0.24616721272468567,
                -0.017698051407933235,
                -0.9690659046173096,
                0.0,
                -0.9689136743545532,
                -0.020898884162306786,
                0.24651014804840088,
                0.0,
                39.546546936035156,
                20.069852828979492,
                9.694427490234375,
                1.0
            ]
        },
        {
            "barriers": [],
            "blocks": [
                [
                    0,
                    0
                ]
            ],
            "color": [
                0.9919999837875366,
                0.9919999837875366,
                0.5879999995231628
            ],
            "fixed": true,
            "rotationLevel": 0,
            "snapCoordinates": [
                3,
                1
            ],
            "snapPanel": 5,
            "transform": [
                0.024623652920126915,
                -0.9996252059936523,
                0.012034635059535503,
                0.0,
                0.24616670608520508,
                0.017730534076690674,
                0.9690653085708618,
                0.0,
                -0.9689133763313293,
                -0.020899387076497078,
                0.24651053547859192,
                0.0,
                39.42741394042969,
                20.50188636779785,
                9.262744903564453,
                1.0
            ]
        },
        {
            "barriers": [],
            "blocks": [
                [
                    0,
                    0
                ],
                [
                    -1,
                    0
                ],
                [
                    0,
                    1
                ],
                [
                    0,
                    2
                ]
            ],
            "color": [
                0.9919999837875366,
                0.9919999837875366,
                0.5879999995231628
            ],
            "fixed": true,
            "rotationLevel": 0,
            "snapCoordinates": [
                6,
                0
            ],
            "snapPanel": 5,
            "transform": [
                0.024623652920126915,
                -0.9996252059936523,
                0.012034635059535503,
                0.0,
                0.24616670608520508,
                0.017730534076690674,
                0.9690653085708618,
                0.0,
                -0.9689133763313293,
                -0.020899387076497078,
                0.24651053547859192,
                0.0,
                39.389503479003906,
                19.838241577148438,
                9.057493209838867,
                1.0
            ]
        },
        {
            "barriers": [],
            "blocks": [
                [
                    0,
                    0
                ],
                [
                    0,
                    1
                ],
                [
                    0,
                    2
                ],
                [
                    1,
                    0
                ]
            ],
            "color": [
                0.9919999837875366,
                0.9919999837875366,
                0.5879999995231628
            ],
            "fixed": true,
            "rotationLevel": 1,
            "snapCoordinates": [
                6,
                5
            ],
            "snapPanel": 5,
            "transform": [
                0.24616698920726776,
                0.01771390624344349,
                0.9690654873847961,
                0.0,
                -0.024619486182928085,
                0.9996251463890076,
                -0.01201855018734932,
                0.0,
                -0.9689134955406189,
                -0.02089928835630417,
                0.24651041626930237,
                0.0,
                39.66027069091797,
                19.857725143432617,
                10.123464584350586,
                1.0
            ]
        },
        {
            "barriers": [],
            "blocks": [
                [
                    0,
                    0
                ],
                [
                    0,
                    1
                ],
                [
                    1,
                    0
                ]
            ],
            "color": [
                0.9919999837875366,
                0.9919999837875366,
                0.5879999995231628
            ],
            "fixed": true,
            "rotationLevel": 2,
            "snapCoordinates": [
                6,
                4
            ],
