{
    "barriers": [
        {
            "diameter": 3.0,
            "name": "intro.easy-solo",
            "powered": true,
            "transform": [
                2.9779276847839355,
                0.3632451295852661,
                0.0,
                0.0,
                -0.3632451295852661,
                2.9779276847839355,
                0.0,
                0.0,
                0.0,
                0.0,
                1.0,
                0.0,
                12.24120807647705,
                2.522948741912842,
                0.0,
                1.0
            ]
        },
        {
            "diameter": 5.0,
            "name": "intro.easy-duo",
            "powered": false,
            "transform": [
                4.994182109832764,
                0.2411373257637024,
                0.0,
                0.0,
                -0.2411373257637024,
                4.994182109832764,
                0.0,
                0.0,
                0.0,
                0.0,
                1.0,
                0.0,
                -6.679142951965332,
                0.5149967074394226,
                0.7000442743301392,
                1.0
            ]
        },
        {
            "diameter": 12.5,
            "name": "intro.hard-duo",
            "powered": false,
            "transform": [
                12.5,
                0.0,
                0.0,
                0.0,
                0.0,
                12.5,
                0.0,
                0.0,
                0.0,
                0.0,
                1.0,
                0.0,
                0.6262658834457397,
                14.697678565979004,
                1.0155482292175293,
                1.0
            ]
        }
    ],
    "bricks": [
        {
            "barriers": [],
            "blocks": [
                [
                    0,
                    0
                ],
                [
                    1,
                    0
                ],
                [
                    0,
                    1
                ]
            ],
            "color": [
                0.5,
                0.5,
                0.5
            ],
            "fixed": true,
            "rotationLevel": 0,
            "snapCoordinates": [
                0,
                0
            ],
            "snapPanel": 0,
            "transform": [
                0.9856471419334412,
                0.1688149869441986,
                4.39583999423121e-07,
                0.0,
                -0.11937038600444794,
                0.6969568729400635,
                0.7071066498756409,
                0.0,
                0.11937004327774048,
                -0.696958601474762,
                0.7071059942245483,
                0.0,
                7.013349533081055,
                -13.608377456665039,
                2.094590425491333,
                1.0
            ]
        },
        {
            "barriers": [],
            "blocks": [
                [
                    0,
                    0
                ],
                [
                    -1,
                    0
                ],
                [
                    -1,
                    1
                ],
                [
                    -1,
                    -1
                ],
                [
                    0,
                    -1
                ],
                [
                    1,
                    -1
                ]
            ],
            "color": [
                0.9919999837875366,
                0.9919999837875366,
                0.5879999995231628
            ],
            "fixed": false,
            "rotationLevel": 1,
            "snapPanel": null,
            "transform": [
                0.5559850931167603,
                -0.8311921954154968,
                -1.5063112641655607e-06,
                0.0,
                0.8311921954154968,
                0.5559850931167603,
                -9.346967999590561e-08,
                0.0,
                9.151779067906318e-07,
                -1.2000665492450935e-06,
                1.0,
                0.0,
                6.676617622375488,
                -14.082524299621582,
                -2.0283394519537978e-07,
                1.0
            ]
        },
        {
            "barriers": [
                0
            ],
            "blocks": [
                [
                    0,
                    0
                ],
                [
                    0,
                    1
                ],
                [
                    1,
                    0
                ]
            ],
            "color": [
                0.9919999837875366,
                0.9919999837875366,
                0.5879999995231628
            ],
            "fixed": false,
            "rotationLevel": 1,
            "snapPanel": null,
            "transform": [
                -0.9408433437347412,
                0.18469002842903137,
                0.28408363461494446,
                0.0,
                -0.1926262080669403,
                -0.9812723398208618,
                4.3958425521850586e-07,
                0.0,
                0.27876344323158264,
                -0.05472153052687645,
                0.9587994813919067,
                0.0,
                13.0286865234375,
                3.063814878463745,
                0.02343692258000374,
                1.0
            ]
        },
        {
            "barriers": [
                0
            ],
            "blocks": [
                [
                    0,
                    0
                ],
                [
                    0,
                    1
                ],
                [
                    1,
                    0
                ]
            ],
            "color": [
                0.9919999837875366,
                0.9919999837875366,
                0.5879999995231628
            ],
            "fixed": false,
            "rotationLevel": 3,
            "snapPanel": null,
            "transform": [
                0.20907020568847656,
                0.9779006242752075,
                5.039712959842291e-06,
                0.0,
                -0.9779006242752075,
                0.20907020568847656,
                4.490295395953581e-06,
                0.0,
                3.33740877067612e-06,
                -5.867125764780212e-06,
                1.0,
                0.0,
                12.843291282653809,
                3.063387632369995,
                -4.359511081020173e-07,
                1.0
            ]
        },
        {
            "barriers": [
                0
            ],
            "blocks": [
                [
                    0,
                    0
                ],
                [
                    0,
                    1
                ]
            ],
            "color": [
                0.9919999837875366,
                0.9919999837875366,
                0.5879999995231628
            ],
            "fixed": false,
            "rotationLevel": 0,
            "snapPanel": null,
            "transform": [
                0.9673166275024414,
                0.2535715401172638,
                8.783801241918354e-09,
                0.0,
                -0.2535715401172638,
                0.9673166275024414,
                1.075058975175125e-08,
                0.0,
                -5.770673716654073e-09,
                -1.2626546919136672e-08,
                1.0,
                0.0,
                12.731350898742676,
                2.618290901184082,
                -1.3841572332751184e-09,
                1.0
            ]
        },
        {
            "barriers": [
                0
            ],
            "blocks": [
                [
                    0,
                    0
                ]
            ],
            "color": [
                0.9919999837875366,
                0.9919999837875366,
                0.5879999995231628
            ],
            "fixed": true,
            "rotationLevel": 0,
            "snapCoordinates": [
                0,
                0
            ],
            "snapPanel": 1,
            "transform": [
                -0.8595516085624695,
                -0.5091808438301086,
                -0.043513115495443344,
                0.0,
                0.30196231603622437,
                -0.5747413039207458,
                0.7605793476104736,
                0.0,
                -0.4122852683067322,
                0.6406241655349731,
                0.6477795839309692,
                0.0,
                12.255987167358398,
                1.9983338117599487,
                1.0991395711898804,
                1.0
            ]
        },
        {
            "barriers": [
                1
            ],
            "blocks": [
                [
                    0,
                    0
                ],
                [
                    0,
                    1
                ],
                [
                    1,
                    0
                ]
            ],
            "color": [
                0.9919999837875366,
                0.9919999837875366,
                0.5879999995231628
            ],
            "fixed": false,
            "rotationLevel": 0,
            "snapPanel": null,
            "transform": [
                0.9962598085403442,
                -0.08640855550765991,
                -7.86152511977889e-08,
                0.0,
                0.08640855550765991,
                0.9962598085403442,
                -2.1861410459678154e-06,
                0.0,
                2.672225036803866e-07,
                2.171171217923984e-06,
                1.0,
                0.0,
                -6.307701110839844,
                2.117126941680908,
                -1.740882566991786e-07,
                1.0
            ]
        },
        {
            "barriers": [
                1
            ],
            "blocks": [
                [
                    0,
                    0
                ],
                [
                    0,
                    1
                ],
                [
                    1,
                    0
                ]
            ],
            "color": [
                0.9919999837875366,
                0.9919999837875366,
                0.5879999995231628
            ],
            "fixed": false,
            "rotationLevel": 1,
            "snapPanel": null,
            "transform": [
                -0.2640129327774048,
                0.9645191431045532,
                4.344641979514563e-09,
                0.0,
                -0.9645191431045532,
                -0.2640129327774048,
                1.0549088713673882e-08,
                0.0,
                1.1321839465949779e-08,
                -1.405394911557778e-09,
                1.0,
                0.0,
                -5.751883506774902,
                1.7340463399887085,
                -2.666551424113095e-09,
                1.0
            ]
        },
        {
            "barriers": [
                1
            ],
            "blocks": [
                [
                    0,
                    0
                ],
                [
                    0,
                    1
                ],
                [
                    1,
                    0
                ]
            ],
            "color": [
                0.9919999837875366,
                0.9919999837875366,
                0.5879999995231628
            ],
            "fixed": false,
            "rotationLevel": 0,
            "snapPanel": null,
            "transform": [
                0.9869948625564575,
                0.16075174510478973,
                1.4025123107330728e-07,
                0.0,
                -0.16075174510478973,
                0.9869948625564575,
                -4.3303611363398886e-08,
                0.0,
                -1.4538836978772451e-07,
                2.0194814709384445e-08,
                1.0,
                0.0,
                -5.901002883911133,
                2.1161787509918213,
                -1.6803131330789256e-08,
                1.0
            ]
        },
        {
            "barriers": [
                1
            ],
            "blocks": [
                [
                    0,
                    0
                ],
                [
                    0,
                    1
                ]
            ],
            "color": [
                0.9919999837875366,
                0.9919999837875366,
                0.5879999995231628
            ],
            "fixed": false,
            "rotationLevel": 0,
            "snapPanel": null,
            "transform": [
                -0.7913957834243774,
                0.6113042831420898,
                -2.74801692512483e-08,
                0.0,
                -0.6113042831420898,
                -0.7913957834243774,
                -7.568042974526179e-07,
                0.0,
                -4.843854526370706e-07,
                -5.821328841193463e-07,
                1.0,
                0.0,
                -6.7566118240356445,
                -0.6641896367073059,
                -6.011896402924322e-08,
                1.0
            ]
        },
        {
            "barriers": [
                1
            ],
            "blocks": [
                [
                    0,
                    0
                ],
                [
                    0,
                    1
                ]
            ],
            "color": [
                0.9919999837875366,
                0.9919999837875366,
                0.5879999995231628
            ],
            "fixed": false,
            "rotationLevel": 0,
            "snapPanel": null,
            "transform": [
                -0.9981687068939209,
                -0.06049131974577904,
                8.734720502445725e-09,
                0.0,
                0.06049131974577904,
                -0.9981687068939209,
                6.5096412704690465e-09,
                0.0,
                8.324948730376036e-09,
                7.026094817064177e-09,
                1.0,
                0.0,
                -7.108028411865234,
                -0.5511340498924255,
                -1.0455483145932476e-09,
                1.0
            ]
        },
        {
            "barriers": [
                1
            ],
            "blocks": [
                [
                    0,
                    0
                ],
                [
                    0,
                    1
                ]
            ],
            "color": [
                0.9919999837875366,
                0.9919999837875366,
                0.5879999995231628
            ],
            "fixed": false,
            "rotationLevel": 0,
            "snapPanel": null,
            "transform": [
                0.9428813457489014,
                0.33312878012657166,
                1.634489876778389e-08,
                0.0,
                -0.33312878012657166,
                0.9428813457489014,
                7.422205783313984e-08,
                0.0,
                9.314204518773295e-09,
                -7.542755042777571e-08,
                1.0,
                0.0,
                -7.297018051147461,
                -1.4392238855361938,
                -5.400798919197314e-09,
                1.0
            ]
        },
        {
            "barriers": [
                1
            ],
            "blocks": [
                [
                    0,
                    0
                ],
                [
                    0,
                    1
                ],
                [
                    0,
                    2
                ]
            ],
            "color": [
                0.9919999837875366,
                0.9919999837875366,
                0.5879999995231628
            ],
            "fixed": false,
            "rotationLevel": 0,
            "snapPanel": null,
            "transform": [
                0.38511306047439575,
                -0.9228693842887878,
                -5.797278213037771e-09,
                0.0,
                0.9228693842887878,
                0.38511306047439575,
                1.3444512170224243e-08,
                0.0,
                -1.0174921349914712e-08,
                -1.0527787530634214e-08,
                1.0,
                0.0,
                -6.676849842071533,
                -0.9886388778686523,
                -2.4164319434305526e-09,
                1.0
            ]
        },
        {
            "barriers": [],
            "blocks": [
                [
                    0,
                    0
                ],
                [
                    0,
                    1
                ],
                [
                    0,
                    2
                ],
                [
                    1,
                    0
                ]
            ],
            "color": [
                0.9919999837875366,
                0.9919999837875366,
                0.5879999995231628
            ],
            "fixed": true,
            "rotationLevel": 0,
            "snapCoordinates": [
                0,
                0
            ],
            "snapPanel": 5,
            "transform": [
                0.024623652920126915,
                -0.9996252059936523,
                0.012034635059535503,
                0.0,
                0.24616670608520508,
                0.017730534076690674,
                0.9690653085708618,
                0.0,
                -0.9689133763313293,
                -0.020899387076497078,
                0.24651053547859192,
                0.0,
                39.35700225830078,
                21.157730102539063,
                9.041606903076172,
                1.0
            ]
        },
        {
            "barriers": [],
            "blocks": [
                [
                    0,
                    0
                ],
                [
                    -1,
                    0
                ],
                [
                    0,
                    -1
                ]
            ],
            "color": [
                0.9919999837875366,
                0.9919999837875366,
                0.5879999995231628
            ],
            "fixed": false,
            "rotationLevel": 1,
            "snapPanel": null,
            "transform": [
                0.2262439727783203,
                -0.97407066822052,
                -8.888201286083586e-09,
                0.0,
                0.97407066822052,
                0.2262439727783203,
                -1.060489474014048e-08,
                0.0,
                1.2340819033340722e-08,
                -6.2584426530065684e-09,
                1.0,
                0.0,
                -1.2228325605392456,
                11.776082038879395,
                -2.014830080554475e-09,
                1.0
            ]
        },
        {
            "barriers": [],
            "blocks": [
                [
                    0,
                    0
                ]
            ],
            "color": [
                0.9919999837875366,
                0.9919999837875366,
                0.5879999995231628
            ],
            "fixed": true,
            "rotationLevel": 0,
            "snapCoordinates": [
                3,
                1
            ],
            "snapPanel": 4,
            "transform": [
                0.5474785566329956,
                -0.8368167281150818,
                -0.002537580206990242,
                0.0,
                0.35598453879356384,
                0.23015260696411133,
                0.9057087302207947,
                0.0,
                -0.7573263645172119,
                -0.49675819277763367,
                0.4238963723182678,
                0.0,
                -0.6444386839866638,
                11.214940071105957,
                2.2079315185546875,
                1.0
            ]
        },
        {
            "barriers": [],
            "blocks": [
                [
                    0,
                    0
                ],
                [
                    -1,
                    0
                ],
                [
                    0,
                    -1
                ]
            ],
            "color": [
                0.9919999837875366,
                0.9919999837875366,
                0.5879999995231628
            ],
            "fixed": false,
            "rotationLevel": 1,
            "snapPanel": null,
            "transform": [
                0.6188836097717285,
                0.7854827046394348,
                -4.426156330339381e-09,
                0.0,
                -0.7854827046394348,
                0.6188836097717285,
                -1.0137078731986549e-08,
                0.0,
                -5.223224519568248e-09,
                9.750340979053362e-09,
                1.0,
                0.0,
                -0.7591073513031006,
                11.582039833068848,
                -1.1023153501099614e-09,
                1.0
            ]
        },
        {
            "barriers": [],
            "blocks": [
                [
                    0,
                    0
                ],
                [
                    -1,
                    0
                ],
                [
                    0,
                    -1
                ]
            ],
            "color": [
                0.9919999837875366,
                0.9919999837875366,
                0.5879999995231628
            ],
            "fixed": false,
            "rotationLevel": 1,
            "snapPanel": null,
            "transform": [
                -0.999998927116394,
                0.001449424191378057,
                1.114461338147521e-05,
                0.0,
                -0.0013960284413769841,
                -0.9610342979431152,
                -0.27642562985420227,
                0.0,
                -0.00038994764327071607,
                -0.2764253318309784,
                0.9610353112220764,
                0.0,
                -1.6080759763717651,
                11.549354553222656,
                0.02281068079173565,
                1.0
            ]
        },
        {
            "barriers": [],
            "blocks": [
                [
                    0,
                    0
                ],
                [
                    -1,
                    0
                ],
                [
                    0,
                    -1
                ]
            ],
            "color": [
                0.9919999837875366,
                0.9919999837875366,
                0.5879999995231628
            ],
            "fixed": false,
            "rotationLevel": 2,
            "snapPanel": null,
            "transform": [
                -0.7494571208953857,
                0.6620529890060425,
                0.000217021195567213,
                0.0,
                -0.6620529890060425,
                -0.7494571208953857,
                0.0001317941932938993,
                0.0,
                0.00024990280508063734,
                -4.490544233703986e-05,
                0.9999999403953552,
                0.0,
                -1.9143948554992676,
                11.832937240600586,
                6.007121191942133e-05,
                1.0
            ]
        },
        {
            "barriers": [],
            "blocks": [
                [
                    0,
                    0
                ],
                [
                    -1,
                    0
                ],
                [
                    0,
                    -1
                ]
            ],
            "color": [
                0.9919999837875366,
                0.9919999837875366,
                0.5879999995231628
            ],
            "fixed": false,
            "rotationLevel": 2,
            "snapPanel": null,
            "transform": [
                0.003309488296508789,
                0.0004596710205078125,
                -0.9999944567680359,
                0.0,
                0.3259379267692566,
                -0.9453909397125244,
                0.0006441175937652588,
                0.0,
                -0.9453853964805603,
                -0.32593825459480286,
                -0.0032786130905151367,
                0.0,
                3.3800554275512695,
                17.566354751586914,
                0.08257856220006943,
                1.0
            ]
        },
        {
            "barriers": [],
            "blocks": [
                [
                    0,
                    0
                ],
                [
                    -1,
                    0
                ],
                [
                    0,
                    -1
                ]
            ],
            "color": [
                0.9919999837875366,
                0.9919999837875366,
                0.5879999995231628
            ],
            "fixed": false,
            "rotationLevel": 2,
            "snapPanel": null,
            "transform": [
                0.019491136074066162,
                0.9998100399971008,
                7.794756129442248e-08,
                0.0,
                -0.9998100399971008,
                0.019491136074066162,
                2.1817709239257965e-06,
                0.0,
                2.1798373381898273e-06,
                -1.2045791208947776e-07,
                1.0,
                0.0,
                3.8369619846343994,
                17.24199867248535,
                -1.741749002803772e-07,
                1.0
            ]
        },
        {
            "barriers": [],
            "blocks": [
                [
                    0,
                    0
                ],
                [
                    -1,
                    0
                ],
                [
                    0,
                    -1
                ]
            ],
            "color": [
                0.9919999837875366,
                0.9919999837875366,
                0.5879999995231628
            ],
            "fixed": false,
            "rotationLevel": 2,
            "snapPanel": null,
            "transform": [
                -0.9456751346588135,
                -0.32510560750961304,
                0.002217221539467573,
                0.0,
                0.3251063823699951,
                -0.9456773996353149,
                -1.3675307855010033e-05,
                0.0,
                0.0021012225188314915,
                0.0007079005008563399,
                0.9999975562095642,
                0.0,
                3.2572593688964844,
                17.50135040283203,
                -0.00010979245416820049,
                1.0
            ]
        },
        {
            "barriers": [],
            "blocks": [
                [
                    0,
                    0
                ],
                [
                    -1,
                    0
                ],
                [
                    0,
                    -1
                ]
            ],
            "color": [
                0.9919999837875366,
                0.9919999837875366,
                0.5879999995231628
            ],
            "fixed": false,
            "rotationLevel": 2,
            "snapPanel": null,
            "transform": [
                -0.9985301494598389,
                0.05420006811618805,
                2.6147452445002273e-05,
                0.0,
                -0.05420006811618805,
                -0.9985301494598389,
                4.399168119562091e-06,
                0.0,
                2.6347453967900947e-05,
                2.9755078685411718e-06,
                1.0,
                0.0,
                3.0264153480529785,
                17.323692321777344,
                -1.287356667489803e-06,
                1.0
            ]
        },
        {
            "barriers": [],
            "blocks": [
                [
                    0,
                    0
                ],
                [
                    -1,
                    0
                ],
                [
                    0,
                    -1
                ],
                [
                    -1,
                    -1
                ]
            ],
            "color": [
                0.9919999837875366,
                0.9919999837875366,
                0.5879999995231628
            ],
            "fixed": false,
            "rotationLevel": 2,
            "snapPanel": null,
            "transform": [
                0.6629223227500916,
                0.7486881613731384,
                -1.7857291823020205e-06,
                0.0,
                0.7486881613731384,
                -0.6629222631454468,
                5.132026672072243e-06,
                0.0,
                2.6584884835756384e-06,
                -4.739089490612969e-06,
                -1.0,
                0.0,
                2.5817224979400635,
                17.663047790527344,
                0.062499746680259705,
                1.0
            ]
        },
        {
            "barriers": [],
            "blocks": [
                [
                    0,
                    0
                ],
                [
                    0,
                    1
                ],
                [
                    0,
                    2
                ],
                [
                    1,
                    0
                ]
            ],
            "color": [
                0.9919999837875366,
                0.9919999837875366,
                0.5879999995231628
            ],
            "fixed": true,
            "rotationLevel": 2,
            "snapCoordinates": [
                2,
                5
            ],
            "snapPanel": 5,
            "transform": [
                -0.024615198373794556,
                0.9996261596679688,
                -0.012003197334706783,
                0.0,
                -0.24616721272468567,
                -0.017698051407933235,
                -0.9690659046173096,
                0.0,
                -0.9689136743545532,
                -0.020898884162306786,
                0.24651014804840088,
                0.0,
                39.63859558105469,
                20.737390518188477,
                10.112873077392578,
                1.0
            ]
        },
        {
            "barriers": [],
            "blocks": [
                [
                    0,
                    0
                ],
                [
                    0,
                    1
                ],
                [
                    0,
                    2
                ],
                [
                    1,
                    0
                ]
            ],
            "color": [
                0.9919999837875366,
                0.9919999837875366,
                0.5879999995231628
            ],
            "fixed": true,
            "rotationLevel": 3,
            "snapCoordinates": [
                0,
                6
            ],
            "snapPanel": 5,
            "transform": [
                -0.2461676448583603,
                -0.017681816592812538,
                -0.9690659642219543,
                0.0,
                0.024611685425043106,
                -0.9996263980865479,
                0.011987430974841118,
                0.0,
                -0.9689134955406189,
                -0.02089937962591648,
                0.2465101182460785,
                0.0,
                39.68194580078125,
                21.181129455566406,
                10.320772171020508,
                1.0
            ]
        },
        {
            "barriers": [],
            "blocks": [
                [
                    0,
                    0
                ],
                [
                    0,
                    1
                ],
                [
                    1,
                    0
                ]
            ],
            "color": [
                0.9919999837875366,
                0.9919999837875366,
                0.5879999995231628
            ],
            "fixed": true,
            "rotationLevel": 3,
            "snapCoordinates": [
                0,
                4
            ],
            "snapPanel": 5,
            "transform": [
                -0.2461676448583603,
                -0.017681816592812538,
                -0.9690659642219543,
                0.0,
                0.024611685425043106,
                -0.9996263980865479,
                0.011987430974841118,
                0.0,
                -0.9689134955406189,
                -0.02089937962591648,
                0.2465101182460785,
                0.0,
                39.57362365722656,
                21.173320770263672,
                9.894384384155273,
                1.0
            ]
        },
        {
            "barriers": [],
            "blocks": [
                [
                    0,
                    0
                ],
                [
                    0,
                    1
                ],
                [
                    0,
                    -1
                ]
            ],
            "color": [
                0.9919999837875366,
                0.9919999837875366,
                0.5879999995231628
            ],
            "fixed": true,
            "rotationLevel": 2,
            "snapCoordinates": [
                1,
                2
            ],
            "snapPanel": 5,
            "transform": [
                -0.024615198373794556,
                0.9996261596679688,
                -0.012003197334706783,
                0.0,
                -0.24616721272468567,
                -0.017698051407933235,
                -0.9690659046173096,
                0.0,
                -0.9689136743545532,
                -0.020898884162306786,
                0.24651014804840088,
                0.0,
                39.47068786621094,
                20.945615768432617,
                9.470640182495117,
                1.0
            ]
        },
        {
            "barriers": [],
            "blocks": [
                [
                    0,
                    0
                ],
                [
                    0,
                    1
                ],
                [
                    0,
                    2
                ],
                [
                    1,
                    0
                ]
            ],
            "color": [
                0.9919999837875366,
                0.9919999837875366,
                0.5879999995231628
            ],
            "fixed": true,
            "rotationLevel": 2,
            "snapCoordinates": [
                5,
                3
            ],
            "snapPanel": 5,
            "transform": [
                -0.024615198373794556,
                0.9996261596679688,
                -0.012003197334706783,
                0.0,
                -0.24616721272468567,
                -0.017698051407933235,
                -0.9690659046173096,
                0.0,
                -0.9689136743545532,
                -0.020898884162306786,
                0.24651014804840088,
                0.0,
                39.546546936035156,
                20.069852828979492,
                9.694427490234375,
                1.0
            ]
        },
        {
            "barriers": [],
            "blocks": [
                [
                    0,
                    0
                ]
            ],
            "color": [
                0.9919999837875366,
                0.9919999837875366,
                0.5879999995231628
            ],
            "fixed": true,
            "rotationLevel": 0,
            "snapCoordinates": [
                3,
                1
            ],
            "snapPanel": 5,
            "transform": [
                0.024623652920126915,
                -0.9996252059936523,
                0.012034635059535503,
                0.0,
                0.24616670608520508,
                0.017730534076690674,
                0.9690653085708618,
                0.0,
                -0.9689133763313293,
                -0.020899387076497078,
                0.24651053547859192,
                0.0,
                39.42741394042969,
                20.50188636779785,
                9.262744903564453,
                1.0
            ]
        },
        {
            "barriers": [],
            "blocks": [
                [
                    0,
                    0
                ],
                [
                    -1,
                    0
                ],
                [
                    0,
                    1
                ],
                [
                    0,
                    2
                ]
            ],
            "color": [
                0.9919999837875366,
                0.9919999837875366,
                0.5879999995231628
            ],
            "fixed": true,
            "rotationLevel": 0,
            "snapCoordinates": [
                6,
                0
            ],
            "snapPanel": 5,
            "transform": [
                0.024623652920126915,
                -0.9996252059936523,
                0.012034635059535503,
                0.0,
                0.24616670608520508,
                0.017730534076690674,
                0.9690653085708618,
                0.0,
                -0.9689133763313293,
                -0.020899387076497078,
                0.24651053547859192,
                0.0,
                39.389503479003906,
                19.838241577148438,
                9.057493209838867,
                1.0
            ]
        },
        {
            "barriers": [],
            "blocks": [
                [
                    0,
                    0
                ],
                [
                    0,
                    1
                ],
                [
                    0,
                    2
                ],
                [
                    1,
                    0
                ]
            ],
            "color": [
                0.9919999837875366,
                0.9919999837875366,
                0.5879999995231628
            ],
            "fixed": true,
            "rotationLevel": 1,
            "snapCoordinates": [
                6,
                5
            ],
            "snapPanel": 5,
            "transform": [
                0.24616698920726776,
                0.01771390624344349,
                0.9690654873847961,
                0.0,
                -0.024619486182928085,
                0.9996251463890076,
                -0.01201855018734932,
                0.0,
                -0.9689134955406189,
                -0.02089928835630417,
                0.24651041626930237,
                0.0,
                39.66027069091797,
                19.857725143432617,
                10.123464584350586,
                1.0
            ]
        },
        {
            "barriers": [],
            "blocks": [
                [
                    0,
                    0
                ],
                [
                    0,
                    1
                ],
                [
                    1,
                    0
                ]
            ],
            "color": [
                0.9919999837875366,
                0.9919999837875366,
                0.5879999995231628
            ],
            "fixed": true,
            "rotationLevel": 2,
            "snapCoordinates": [
                6,
                4
