{
    "barriers": [
        {
            "diameter": 3.0,
            "name": "intro.easy-solo",
            "powered": true,
            "transform": [
                3.0,
                0.0,
                0.0,
                0.0,
                0.0,
                3.0,
                0.0,
                0.0,
                0.0,
                0.0,
                1.0,
                0.0,
                12.292952537536621,
                2.5160329341888428,
                0.0,
                1.0
            ]
        },
        {
            "diameter": 5.5,
            "name": "intro.duo",
            "powered": false,
            "transform": [
                5.5,
                0.0,
                0.0,
                0.0,
                0.0,
                5.5,
                0.0,
                0.0,
                0.0,
                0.0,
                1.0,
                0.0,
                15.614355087280273,
                0.3207184672355652,
                0.0,
                1.0
            ]
        }
    ],
    "bricks": [
        {
            "barriers": [],
            "blocks": [
                [
                    0,
                    0
                ],
                [
                    1,
                    0
                ],
                [
                    0,
                    1
                ]
            ],
            "color": [
                0.5,
                0.5,
                0.5
            ],
            "fixed": true,
            "rotationLevel": 0,
            "snapCoordinates": [
                0,
                0
            ],
            "snapPanel": 0,
            "transform": [
                0.7070725560188293,
                -0.7071396112442017,
                3.8742979313610704e-07,
                0.0,
                0.5000225305557251,
                0.4999755322933197,
                0.7071065306663513,
                0.0,
                -0.5000241994857788,
                -0.49997636675834656,
                0.7071060538291931,
                0.0,
                3.890571355819702,
                1.1760358810424805,
                1.0545583963394165,
                1.0
            ]
        },
        {
            "barriers": [],
            "blocks": [
                [
                    0,
                    0
                ],
                [
                    -1,
                    0
                ],
                [
                    -1,
                    1
                ],
                [
                    -1,
                    -1
                ],
                [
                    0,
                    -1
                ],
                [
                    1,
                    -1
                ]
            ],
            "color": [
                0.9919999837875366,
                0.9919999837875366,
                0.5879999995231628
            ],
            "fixed": false,
            "rotationLevel": 1,
            "snapPanel": null,
            "transform": [
                -0.357616662979126,
                -0.9338685274124146,
                1.3471634474626626e-07,
                0.0,
                0.9338685274124146,
                -0.357616662979126,
                -7.047980261631892e-07,
                0.0,
                7.06365483438276e-07,
                -1.2624013834283687e-07,
                1.0,
                0.0,
                3.3088366985321045,
                1.1771808862686157,
                -8.713677601690506e-08,
                1.0
            ]
        },
        {
            "barriers": [
                0
            ],
            "blocks": [
                [
                    0,
                    0
                ],
                [
                    0,
                    1
                ],
                [
                    1,
                    0
                ]
            ],
            "color": [
                0.9919999837875366,
                0.9919999837875366,
                0.5879999995231628
            ],
            "fixed": false,
            "rotationLevel": 1,
            "snapPanel": null,
            "transform": [
                -0.6768908500671387,
                -0.7360443472862244,
                -0.007589800748974085,
                0.0,
                0.7360814213752747,
                -0.6768770217895508,
                -0.004650181625038385,
                0.0,
                -0.0017146221362054348,
                -0.008734377101063728,
                0.9999603629112244,
                0.0,
                12.854756355285645,
                3.048734426498413,
                0.06263180822134018,
                1.0
            ]
        },
        {
            "barriers": [
                0
            ],
            "blocks": [
                [
                    0,
                    0
                ],
                [
                    0,
                    1
                ],
                [
                    1,
                    0
                ]
            ],
            "color": [
                0.9919999837875366,
                0.9919999837875366,
                0.5879999995231628
            ],
            "fixed": false,
            "rotationLevel": 3,
            "snapPanel": null,
            "transform": [
                0.16019606590270996,
                0.9870851635932922,
                0.00041579201933927834,
                0.0,
                -0.9870845675468445,
                0.1601954698562622,
                0.0012400352861732244,
                0.0,
                0.0011574124218896031,
                -0.0006090706447139382,
                0.9999991655349731,
                0.0,
                12.830240249633789,
                3.045426368713379,
                -0.00011920378892682493,
                1.0
            ]
        },
        {
            "barriers": [
                0
            ],
            "blocks": [
                [
                    0,
                    0
                ],
                [
                    0,
                    1
                ]
            ],
            "color": [
                0.9919999837875366,
                0.9919999837875366,
                0.5879999995231628
            ],
            "fixed": false,
            "rotationLevel": 0,
            "snapPanel": null,
            "transform": [
                0.9891255497932434,
                0.14707259833812714,
                0.0005340315401554108,
                0.0,
                -0.12228016555309296,
                0.8203575015068054,
                0.5586243271827698,
                0.0,
                0.08172023296356201,
                -0.5526148676872253,
                0.8294206261634827,
                0.0,
                12.714848518371582,
                2.692469358444214,
                0.046046748757362366,
                1.0
            ]
        },
        {
            "barriers": [
                0
            ],
            "blocks": [
                [
                    0,
                    0
                ]
            ],
            "color": [
                0.9919999837875366,
                0.9919999837875366,
                0.5879999995231628
            ],
            "fixed": true,
            "rotationLevel": 0,
            "snapCoordinates": [
                0,
                0
            ],
            "snapPanel": 1,
            "transform": [
                0.9961076378822327,
                -0.07656775414943695,
                -0.04351312294602394,
                0.0,
                0.0827224850654602,
                0.6439452767372131,
                0.7605792880058289,
                0.0,
                -0.030216071754693985,
                -0.7612262964248657,
                0.647779643535614,
                0.0,
                11.981932640075684,
                2.8588907718658447,
                1.0991395711898804,
                1.0
            ]
        },
        {
            "barriers": [
                1
            ],
            "blocks": [
                [
                    0,
                    0
                ],
                [
                    0,
                    1
                ],
                [
                    1,
                    0
                ]
            ],
            "color": [
                0.9919999837875366,
                0.9919999837875366,
                0.5879999995231628
            ],
            "fixed": false,
            "rotationLevel": 0,
            "snapPanel": null,
            "transform": [
                0.9281642436981201,
                0.24054338037967682,
                0.28398942947387695,
                0.0,
                -0.25087010860443115,
                0.9680207371711731,
                -8.139759302139282e-06,
                0.0,
                -0.2749096155166626,
                -0.07123690843582153,
                0.9588273763656616,
                0.0,
                16.151269912719727,
                1.3013921976089478,
                0.023430366069078445,
                1.0
            ]
        },
        {
            "barriers": [
                1
            ],
            "blocks": [
                [
                    0,
                    0
                ],
                [
                    0,
                    1
                ],
                [
                    1,
                    0
                ]
            ],
            "color": [
                0.9919999837875366,
                0.9919999837875366,
                0.5879999995231628
            ],
            "fixed": false,
            "rotationLevel": 0,
            "snapPanel": null,
            "transform": [
                0.959664523601532,
                0.15653815865516663,
                0.23353758454322815,
                0.0,
                -0.16098883748054504,
                0.9869562387466431,
                -4.37907874584198e-06,
                0.0,
                -0.23049205541610718,
                -0.03759274631738663,
                0.9723477959632874,
                0.0,
                15.870216369628906,
                1.2073734998703003,
                0.019267389550805092,
                1.0
            ]
        },
        {
            "barriers": [
                1
            ],
            "blocks": [
                [
                    0,
                    0
                ],
                [
                    0,
                    1
                ],
                [
                    1,
                    0
                ]
            ],
            "color": [
                0.9919999837875366,
                0.9919999837875366,
                0.5879999995231628
            ],
            "fixed": false,
            "rotationLevel": 0,
            "snapPanel": null,
            "transform": [
                0.9987702369689941,
                0.04957890883088112,
                4.953529241902288e-06,
                0.0,
                -0.04957890883088112,
                0.9987702369689941,
                1.5061163139762357e-05,
                0.0,
                -4.200721377856098e-06,
                -1.5288231224985793e-05,
                1.0,
                0.0,
                16.30417823791504,
                1.4153331518173218,
                -4.1427580299568945e-07,
                1.0
            ]
        },
        {
            "barriers": [
                1
            ],
            "blocks": [
                [
                    0,
                    0
                ],
                [
                    0,
                    1
                ]
            ],
            "color": [
                0.9919999837875366,
                0.9919999837875366,
                0.5879999995231628
            ],
            "fixed": false,
            "rotationLevel": 0,
            "snapPanel": null,
            "transform": [
                -0.16452836990356445,
                0.9863723516464233,
                -3.0320554955665102e-09,
                0.0,
                -0.9863723516464233,
                -0.16452836990356445,
                1.9238697746004618e-08,
                0.0,
                1.8477660290727727e-08,
                6.1560458952669705e-09,
                1.0,
                0.0,
                14.629488945007324,
                -0.7755160927772522,
                -2.3536708138038875e-09,
                1.0
            ]
        },
        {
            "barriers": [
                1
            ],
            "blocks": [
                [
                    0,
                    0
                ],
                [
                    0,
                    1
                ]
            ],
            "color": [
                0.9919999837875366,
                0.9919999837875366,
                0.5879999995231628
            ],
            "fixed": false,
            "rotationLevel": 0,
            "snapPanel": null,
            "transform": [
                0.28063708543777466,
                -0.9598139524459839,
                1.5511468518525362e-05,
                0.0,
                -0.9598139524459839,
                -0.28063714504241943,
                2.4447649593639653e-06,
                0.0,
                2.0065745047759265e-06,
                -1.5574214558000676e-05,
                -1.0,
                0.0,
                14.396258354187012,
                -0.5268016457557678,
                0.06249959021806717,
                1.0
            ]
        },
        {
            "barriers": [
                1
            ],
            "blocks": [
                [
                    0,
                    0
                ],
                [
                    0,
                    1
                ]
            ],
            "color": [
                0.9919999837875366,
                0.9919999837875366,
                0.5879999995231628
            ],
            "fixed": false,
            "rotationLevel": 0,
            "snapPanel": null,
            "transform": [
                0.9575260877609253,
                0.28834661841392517,
                -3.6933400338057254e-08,
                0.0,
                -0.28834661841392517,
                0.9575260877609253,
                -7.540414799223072e-07,
                0.0,
                -1.820606172486805e-07,
                7.3266403433081e-07,
                1.0,
                0.0,
                14.331130981445313,
                -1.5038660764694214,
                -5.8093782229207136e-08,
                1.0
            ]
        },
        {
            "barriers": [
                1
            ],
            "blocks": [
                [
                    0,
                    0
                ],
                [
                    0,
                    1
                ],
                [
                    0,
                    2
                ]
            ],
            "color": [
                0.9919999837875366,
                0.9919999837875366,
                0.5879999995231628
            ],
            "fixed": false,
            "rotationLevel": 0,
            "snapPanel": null,
            "transform": [
                -0.9885145425796509,
                0.1511249840259552,
                -9.002464551599587e-09,
                0.0,
                -0.1511249840259552,
                -0.9885145425796509,
                1.447689701450372e-08,
                0.0,
                -6.711246669510729e-09,
                1.5671123065885695e-08,
                1.0,
                0.0,
                14.670103073120117,
                -1.030020833015442,
                -1.1226695129096242e-09,
                1.0
            ]
        },
        {
            "barriers": [],
            "blocks": [
                [
                    0,
                    0
                ],
                [
                    0,
                    1
                ],
                [
                    0,
                    2
                ],
                [
                    1,
                    0
                ]
            ],
            "color": [
                0.9919999837875366,
                0.9919999837875366,
                0.5879999995231628
            ],
            "fixed": true,
            "rotationLevel": 1,
            "snapCoordinates": [
                6,
                5
            ],
            "snapPanel": 5,
            "transform": [
                6.569476227014093e-06,
                1.0,
                1.4904346244293265e-05,
                0.0,
                -0.40333324670791626,
                1.628796053410042e-05,
                -0.9150529503822327,
                0.0,
                -0.9150529503822327,
                0.0,
                0.40333324670791626,
                0.0,
                21.814950942993164,
                0.5904005765914917,
                1.8433573246002197,
                1.0
            ]
        }
    ],
    "generics": [
        {
            "components": {
                "mesh": {
                    "path": "./assets/models/vr-puzzle/waking-hall.glb"
                },
                "sound-emitter": {
                    "sounds": [
                        {
                            "hrid": "open-clock",
                            "path": "./assets/sounds/vr-puzzle/open-clock.wav"
                        }
                    ]
                }
            },
            "name": "waking-hall",
            "transform": [
                1.6033642168622464e-05,
                0.999999463558197,
                0.0,
                0.0,
                -0.999999463558197,
                1.6033642168622464e-05,
                0.0,
                0.0,
                0.0,
                0.0,
                1.0,
                0.0,
                0.2442454993724823,
                0.0,
                0.0,
                1.0
            ]
        },
        {
            "components": {
                "mesh": {
                    "path": "./assets/models/vr-puzzle/clock.glb"
                }
            },
            "name": "clock",
            "transform": [
                -0.770042896270752,
                1.2254802641109563e-05,
                0.0,
                0.0,
                -1.2254802641109563e-05,
                -0.770042896270752,
                0.0,
                0.0,
                0.0,
                0.0,
                0.7700431942939758,
                0.0,
                5.55143928527832,
                0.002856343984603882,
                1.0680524110794067,
                1.0
            ]
        },
        {
            "components": {
                "mesh": {
                    "path": "./assets/models/vr-puzzle/puzzle-table.glb"
                }
            },
            "name": "puzzle-table",
            "transform": [
                -0.7071064710617065,
                -0.7071070075035095,
                0.0,
                0.0,
                0.7071070075035095,
                -0.7071064710617065,
                0.0,
                0.0,
                0.0,
                0.0,
                1.0,
                0.0,
                4.187601566314697,
                1.1090105772018433,
                0.0,
                1.0
            ]
        },
        {
            "components": {
                "mesh": {
                    "path": "./assets/models/vr-puzzle/puzzle-table.glb"
                }
            },
            "name": "puzzle-table",
            "transform": [
                -0.14755991101264954,
                -0.9890508651733398,
                0.0,
                0.0,
                0.9890508651733398,
                -0.14755991101264954,
                0.0,
                0.0,
                0.0,
                0.0,
                1.0,
                0.0,
                12.223017692565918,
                2.9762990474700928,
                0.0,
                1.0
            ]
        },
        {
            "components": {
                "mesh": {
                    "path": "./assets/models/vr-puzzle/puzzle-table.glb"
                }
            },
            "name": "puzzle-table",
            "transform": [
                -0.14755991101264954,
                -0.9890508055686951,
                0.0,
                0.0,
                0.9890508055686951,
                -0.14755991101264954,
                0.0,
                0.0,
                0.0,
                0.0,
                1.0,
                0.0,
                16.151836395263672,
                2.2322139739990234,
                0.0,
                1.0
            ]
        }
    ],
    "file": {
        "type": "LEVEL",
        "version": 0
    },
    "name": "intro",
    "panels": [
        {
            "barriers": [],
            "extent": [
                3,
                3
            ],
            "name": "intro.waking-hall-clock-controller",
            "transform": [
                0.7070725560188293,
                -0.7071396112442017,
                3.8742979313610704e-07,
                0.0,
                0.5000225305557251,
                0.4999755322933197,
                0.7071065306663513,
                0.0,
                -0.5000241994857788,
                -0.49997636675834656,
                0.7071060538291931,
                0.0,
                4.156132221221924,
                1.1304597854614258,
                1.2101218700408936,
                1.0
            ]
        },
        {
            "barriers": [
                0
            ],
            "extent": [
                3,
                3
            ],
            "name": "intro.easy-solo",
            "transform": [
                0.9961076378822327,
                -0.07656775414943695,
                -0.04351312294602394,
                0.0,
                0.0827224850654602,
                0.6439452767372131,
                0.7605792880058289,
                0.0,
                -0.030216071754693985,
                -0.7612262964248657,
                0.647779643535614,
                0.0,
                12.21927547454834,
                2.9837138652801514,
                1.2568941116333008,
                1.0
            ]
        },
        {
            "barriers": [
                1
            ],
            "extent": [
                3,
                3
            ],
            "name": "",
            "transform": [
                5.960463340670685e-07,
                -0.6512995958328247,
                -0.7588203549385071,
                0.0,
                0.9999998211860657,
                4.172324565843155e-07,
                3.874301341966202e-07,
                0.0,
                2.9802320611338473e-08,
                -0.7588204741477966,
                0.651299774646759,
                0.0,
                16.126644134521484,
                2.23325252532959,
                1.1909533739089966,
                1.0
            ]
        },
        {
            "barriers": [
                1
            ],
            "extent": [
                3,
                3
            ],
            "name": "",
            "transform": [
                -1.1920928955078125e-07,
                0.9999999403953552,
                0.0,
                0.0,
                -0.9999999403953552,
                -1.1920928955078125e-07,
                0.0,
                0.0,
                0.0,
                0.0,
                1.0,
                0.0,
                15.419349670410156,
                -0.5834259390830994,
                0.0,
                1.0
            ]
        },
        {
            "barriers": [],
            "extent": [
                4,
                4
            ],
            "name": "",
            "transform": [
                -0.7071069478988647,
                0.7071065902709961,
                0.0,
                0.0,
                -0.7071065902709961,
                -0.7071069478988647,
                0.0,
                0.0,
                0.0,
                0.0,
                1.0,
                0.0,
                20.279762268066406,
                -5.0608015060424805,
                0.0,
                1.0
            ]
        },
        {
            "barriers": [],
            "extent": [
                7,
                7
            ],
            "name": "",
            "transform": [
                0.40333324670791626,
                0.0,
                0.9150529503822327,
                0.0,
                0.0,
                1.0,
                0.0,
                0.0,
                -0.9150529503822327,
                0.0,
                0.40333324670791626,
                0.0,
                21.548751831054688,
                0.15040051937103271,
                1.2394224405288696,
                1.0
            ]
        }
    ]
}
