{
    "barriers": [
        {
            "diameter": 3.0,
            "name": "intro.easy-solo",
            "powered": true,
            "transform": [
                2.9779276847839355,
                0.3632451295852661,
                0.0,
                0.0,
                -0.3632451295852661,
                2.9779276847839355,
                0.0,
                0.0,
                0.0,
                0.0,
                1.0,
                0.0,
                12.24120807647705,
                2.522948741912842,
                0.0,
                1.0
            ]
        },
        {
            "diameter": 5.0,
            "name": "intro.easy-duo",
            "powered": false,
            "transform": [
                4.994182109832764,
                0.2411373257637024,
                0.0,
                0.0,
                -0.2411373257637024,
                4.994182109832764,
                0.0,
                0.0,
                0.0,
                0.0,
                1.0,
                0.0,
                -6.679142951965332,
                0.5149967074394226,
                0.7000442743301392,
                1.0
            ]
        },
        {
            "diameter": 12.5,
            "name": "intro.hard-duo",
            "powered": false,
            "transform": [
                12.5,
                0.0,
                0.0,
                0.0,
                0.0,
                12.5,
                0.0,
                0.0,
                0.0,
                0.0,
                1.0,
                0.0,
                0.6262658834457397,
                14.697678565979004,
                1.0155482292175293,
                1.0
            ]
        }
    ],
    "bricks": [
        {
            "barriers": [],
            "blocks": [
                [
                    0,
                    0
                ],
                [
                    1,
                    0
                ],
                [
                    0,
                    1
                ]
            ],
            "color": [
                0.5,
                0.5,
                0.5
            ],
            "fixed": true,
            "rotationLevel": 0,
            "snapCoordinates": [
                0,
                0
            ],
            "snapPanel": 0,
            "transform": [
                0.9856471419334412,
                0.1688149869441986,
                4.3213350409132545e-07,
                0.0,
                -0.11937027424573898,
                0.6969569325447083,
                0.7071065902709961,
                0.0,
                0.11936995387077332,
                -0.6969583034515381,
                0.7071061730384827,
                0.0,
                7.013349533081055,
                -13.90515422821045,
                1.0545583963394165,
                1.0
            ]
        },
        {
            "barriers": [],
            "blocks": [
                [
                    0,
                    0
                ],
                [
                    -1,
                    0
                ],
                [
                    -1,
                    1
                ],
                [
                    -1,
                    -1
                ],
                [
                    0,
                    -1
                ],
                [
                    1,
                    -1
                ]
            ],
            "color": [
                0.9919999837875366,
                0.9919999837875366,
                0.5879999995231628
            ],
            "fixed": false,
            "rotationLevel": 1,
            "snapPanel": null,
            "transform": [
                0.5564183592796326,
                -0.8309023380279541,
                -1.0785057384055108e-05,
                0.0,
                0.8309023380279541,
                0.5564183592796326,
                -5.523743311641738e-07,
                0.0,
                6.459973519667983e-06,
                -8.653977602079976e-06,
                1.0,
                0.0,
                6.676460266113281,
                -14.379183769226074,
                -1.4398124221770559e-06,
                1.0
            ]
        },
        {
            "barriers": [
                0
            ],
            "blocks": [
                [
                    0,
                    0
                ],
                [
                    0,
                    1
                ],
                [
                    1,
                    0
                ]
            ],
            "color": [
                0.9919999837875366,
                0.9919999837875366,
                0.5879999995231628
            ],
            "fixed": false,
            "rotationLevel": 1,
            "snapPanel": null,
            "transform": [
                -0.9436805248260498,
                0.16959090530872345,
                0.28408822417259216,
                0.0,
                -0.17687921226024628,
                -0.9842326641082764,
                -1.944601535797119e-06,
                0.0,
                0.2796085774898529,
                -0.05025113746523857,
                0.9587981700897217,
                0.0,
                13.027928352355957,
                3.0618884563446045,
                0.023437147960066795,
                1.0
            ]
        },
        {
            "barriers": [
                0
            ],
            "blocks": [
                [
                    0,
                    0
                ],
                [
                    0,
                    1
                ],
                [
                    1,
                    0
                ]
            ],
            "color": [
                0.9919999837875366,
                0.9919999837875366,
                0.5879999995231628
            ],
            "fixed": false,
            "rotationLevel": 3,
            "snapPanel": null,
            "transform": [
                0.20660042762756348,
                0.9784254431724548,
                -6.017332452756818e-06,
                0.0,
                -0.9784254431724548,
                0.20660042762756348,
                4.92554136144463e-07,
                0.0,
                1.7251106783078285e-06,
                5.7857487263390794e-06,
                1.0,
                0.0,
                12.843144416809082,
                3.0633997917175293,
                -3.3968669299611065e-07,
                1.0
            ]
        },
        {
            "barriers": [
                0
            ],
            "blocks": [
                [
                    0,
                    0
                ],
                [
                    0,
                    1
                ]
            ],
            "color": [
                0.9919999837875366,
                0.9919999837875366,
                0.5879999995231628
            ],
            "fixed": false,
            "rotationLevel": 0,
            "snapPanel": null,
            "transform": [
                0.9673062562942505,
                0.25361108779907227,
                -4.230940930938232e-09,
                0.0,
                -0.25361108779907227,
                0.9673062562942505,
                1.5232213712579323e-08,
                0.0,
                7.955674341530994e-09,
                -1.3661201947456902e-08,
                1.0,
                0.0,
                12.730260848999023,
                2.6182737350463867,
                -8.523781680480624e-10,
                1.0
            ]
        },
        {
            "barriers": [
                0
            ],
            "blocks": [
                [
                    0,
                    0
                ]
            ],
            "color": [
                0.9919999837875366,
                0.9919999837875366,
                0.5879999995231628
            ],
            "fixed": true,
            "rotationLevel": 0,
            "snapCoordinates": [
                0,
                0
            ],
            "snapPanel": 1,
            "transform": [
                -0.8595516085624695,
                -0.5091808438301086,
                -0.043513115495443344,
                0.0,
                0.30196231603622437,
                -0.5747413039207458,
                0.7605793476104736,
                0.0,
                -0.4122852683067322,
                0.6406241655349731,
                0.6477795839309692,
                0.0,
                12.255987167358398,
                1.9983338117599487,
                1.0991395711898804,
                1.0
            ]
        },
        {
            "barriers": [
                1
            ],
            "blocks": [
                [
                    0,
                    0
                ],
                [
                    0,
                    1
                ],
                [
                    1,
                    0
                ]
            ],
            "color": [
                0.9919999837875366,
                0.9919999837875366,
                0.5879999995231628
            ],
            "fixed": false,
            "rotationLevel": 0,
            "snapPanel": null,
            "transform": [
                0.9962453246116638,
                -0.08657509833574295,
                -1.0060724520144504e-07,
                0.0,
                0.08657509833574295,
                0.9962453246116638,
                -2.1775788354716497e-06,
                0.0,
                2.887535970330646e-07,
                2.1606927020911826e-06,
                1.0,
                0.0,
                -6.306734085083008,
                2.1171011924743652,
                -1.7224627413270355e-07,
                1.0
            ]
        },
        {
            "barriers": [
                1
            ],
            "blocks": [
                [
                    0,
                    0
                ],
                [
                    0,
                    1
                ],
                [
                    1,
                    0
                ]
            ],
            "color": [
                0.9919999837875366,
                0.9919999837875366,
                0.5879999995231628
            ],
            "fixed": false,
            "rotationLevel": 1,
            "snapPanel": null,
            "transform": [
                -0.26399850845336914,
                0.9645231366157532,
                -3.7152658727279686e-09,
                0.0,
                -0.9645231366157532,
                -0.26399850845336914,
                1.6129174440493443e-08,
                0.0,
                1.4576137630228914e-08,
                7.84153719735059e-09,
                1.0,
                0.0,
                -5.752047061920166,
                1.7340179681777954,
                -2.783964614394563e-09,
                1.0
            ]
        },
        {
            "barriers": [
                1
            ],
            "blocks": [
                [
                    0,
                    0
                ],
                [
                    0,
                    1
                ],
                [
                    1,
                    0
                ]
            ],
            "color": [
                0.9919999837875366,
                0.9919999837875366,
                0.5879999995231628
            ],
            "fixed": false,
            "rotationLevel": 0,
            "snapPanel": null,
            "transform": [
                0.9869927167892456,
                0.16076497733592987,
                3.3516034392278016e-08,
                0.0,
                -0.16076497733592987,
                0.9869927167892456,
                1.3541664678484722e-08,
                0.0,
                -3.090305611408439e-08,
                -1.8753729236209438e-08,
                1.0,
                0.0,
                -5.900942325592041,
                2.1161506175994873,
                -3.2286049389540494e-09,
                1.0
            ]
        },
        {
            "barriers": [
                1
            ],
            "blocks": [
                [
                    0,
                    0
                ],
                [
                    0,
                    1
                ]
            ],
            "color": [
                0.9919999837875366,
                0.9919999837875366,
                0.5879999995231628
            ],
            "fixed": false,
            "rotationLevel": 0,
            "snapPanel": null,
            "transform": [
                -0.7914952039718628,
                0.6111753582954407,
                -2.0070842765562702e-08,
                0.0,
                -0.6111753582954407,
                -0.7914952039718628,
                -7.623072519891139e-07,
                0.0,
                -4.817893568542786e-07,
                -5.910957838750619e-07,
                1.0,
                0.0,
                -6.756030559539795,
                -0.6641585230827332,
                -5.948600900751444e-08,
                1.0
            ]
        },
        {
            "barriers": [
                1
            ],
            "blocks": [
                [
                    0,
                    0
                ],
                [
                    0,
                    1
                ]
            ],
            "color": [
                0.9919999837875366,
                0.9919999837875366,
                0.5879999995231628
            ],
            "fixed": false,
            "rotationLevel": 0,
            "snapPanel": null,
            "transform": [
                -0.9981544017791748,
                -0.06072689965367317,
                1.4893608124566526e-08,
                0.0,
                0.06072689965367317,
                -0.9981544017791748,
                6.925390039214108e-08,
                0.0,
                1.066054622356205e-08,
                7.003052360232687e-08,
                1.0,
                0.0,
                -7.108632564544678,
                -0.5511230826377869,
                -6.121320339502745e-09,
                1.0
            ]
        },
        {
            "barriers": [
                1
            ],
            "blocks": [
                [
                    0,
                    0
                ],
                [
                    0,
                    1
                ]
            ],
            "color": [
                0.9919999837875366,
                0.9919999837875366,
                0.5879999995231628
            ],
            "fixed": false,
            "rotationLevel": 0,
            "snapPanel": null,
            "transform": [
                0.9429599642753601,
                0.3329061269760132,
                2.1418915530091454e-09,
                0.0,
                -0.3329061269760132,
                0.9429599642753601,
                1.4996391684007904e-08,
                0.0,
                2.9726723305145697e-09,
                -1.4854045105039404e-08,
                1.0,
                0.0,
                -7.296315670013428,
                -1.4392049312591553,
                -1.8766921350277244e-09,
                1.0
            ]
        },
        {
            "barriers": [
                1
            ],
            "blocks": [
                [
                    0,
                    0
                ],
                [
                    0,
                    1
                ],
                [
                    0,
                    2
                ]
            ],
            "color": [
                0.9919999837875366,
                0.9919999837875366,
                0.5879999995231628
            ],
            "fixed": false,
            "rotationLevel": 0,
            "snapPanel": null,
            "transform": [
                0.3848212957382202,
                -0.9229910969734192,
                -1.1634964991458219e-08,
                0.0,
                0.9229910969734192,
                0.3848212957382202,
                -4.812497067518962e-10,
                0.0,
                4.921571150617865e-09,
                -1.05537738548378e-08,
                1.0,
                0.0,
                -6.677112102508545,
                -0.9885699152946472,
                -1.5362255911810507e-09,
                1.0
            ]
        },
        {
            "barriers": [],
            "blocks": [
                [
                    0,
                    0
                ],
                [
                    0,
                    1
                ],
                [
                    0,
                    2
                ],
                [
                    1,
                    0
                ]
            ],
            "color": [
                0.9919999837875366,
                0.9919999837875366,
                0.5879999995231628
            ],
            "fixed": true,
            "rotationLevel": 0,
            "snapCoordinates": [
                0,
                0
            ],
            "snapPanel": 5,
            "transform": [
                -0.24889352917671204,
                -0.9684572815895081,
                0.012034637853503227,
                0.0,
                0.24167239665985107,
                -0.05006766319274902,
                0.9690654277801514,
                0.0,
                -0.9378939270973206,
                0.24410197138786316,
                0.24651026725769043,
                0.0,
                21.57822036743164,
                0.24061203002929688,
                0.9854588508605957,
                1.0
            ]
        },
        {
            "barriers": [],
            "blocks": [
                [
                    0,
                    0
                ],
                [
                    -1,
                    0
                ],
                [
                    0,
                    -1
                ]
            ],
            "color": [
                0.9919999837875366,
                0.9919999837875366,
                0.5879999995231628
            ],
            "fixed": false,
            "rotationLevel": 1,
            "snapPanel": null,
            "transform": [
                0.22625517845153809,
                -0.9740681052207947,
                -9.132054223925934e-09,
                0.0,
                0.9740681052207947,
                0.22625517845153809,
                -8.033560483511337e-09,
                0.0,
                9.891409469275914e-09,
                -7.077606944960735e-09,
                1.0,
                0.0,
                -1.2226303815841675,
                11.776087760925293,
                -1.3598135950587675e-09,
                1.0
            ]
        },
        {
            "barriers": [],
            "blocks": [
                [
                    0,
                    0
                ]
            ],
            "color": [
                0.9919999837875366,
                0.9919999837875366,
                0.5879999995231628
            ],
            "fixed": true,
            "rotationLevel": 0,
            "snapCoordinates": [
                3,
                1
            ],
            "snapPanel": 4,
            "transform": [
                0.5474785566329956,
                -0.8368167281150818,
                -0.002537580206990242,
                0.0,
                0.35598453879356384,
                0.23015260696411133,
                0.9057087302207947,
                0.0,
                -0.7573263645172119,
                -0.49675819277763367,
                0.4238963723182678,
                0.0,
                -0.6444386839866638,
                11.214940071105957,
                2.2079315185546875,
                1.0
            ]
        },
        {
            "barriers": [],
            "blocks": [
                [
                    0,
                    0
                ],
                [
                    -1,
                    0
                ],
                [
                    0,
                    -1
                ]
            ],
            "color": [
                0.9919999837875366,
                0.9919999837875366,
                0.5879999995231628
            ],
            "fixed": false,
            "rotationLevel": 1,
            "snapPanel": null,
            "transform": [
                0.6186681389808655,
                0.7856523990631104,
                8.207750035182926e-10,
                0.0,
                -0.7856523990631104,
                0.6186681389808655,
                -1.872730059915284e-08,
                0.0,
                -1.522093739936281e-08,
                1.0941141326270554e-08,
                1.0,
                0.0,
                -0.7588600516319275,
                11.582079887390137,
                2.498562468034038e-11,
                1.0
            ]
        },
        {
            "barriers": [],
            "blocks": [
                [
                    0,
                    0
                ],
                [
                    -1,
                    0
                ],
                [
                    0,
                    -1
                ]
            ],
            "color": [
                0.9919999837875366,
                0.9919999837875366,
                0.5879999995231628
            ],
            "fixed": false,
            "rotationLevel": 1,
            "snapPanel": null,
            "transform": [
                -0.9999984502792358,
                -0.001734184566885233,
                -2.1621104679070413e-05,
                0.0,
                0.0016728974878787994,
                -0.9612195491790771,
                -0.27577877044677734,
                0.0,
                0.00045746867544949055,
                -0.2757784128189087,
                0.9612210988998413,
                0.0,
                -1.6088043451309204,
                11.548973083496094,
                0.022763364017009735,
                1.0
            ]
        },
        {
            "barriers": [],
            "blocks": [
                [
                    0,
                    0
                ],
                [
                    -1,
                    0
                ],
                [
                    0,
                    -1
                ]
            ],
            "color": [
                0.9919999837875366,
                0.9919999837875366,
                0.5879999995231628
            ],
            "fixed": false,
            "rotationLevel": 2,
            "snapPanel": null,
            "transform": [
                -0.7494931221008301,
                0.6620120406150818,
                0.0001422516070306301,
                0.0,
                -0.6620120406150818,
                -0.7494930028915405,
                -0.0003944211348425597,
                0.0,
                -0.00015449494821950793,
                -0.0003897882124874741,
                0.9999999403953552,
                0.0,
                -1.9147324562072754,
                11.83305549621582,
                2.8111662686569616e-05,
                1.0
            ]
        },
        {
            "barriers": [],
            "blocks": [
                [
                    0,
                    0
                ],
                [
                    -1,
                    0
                ],
                [
                    0,
                    -1
                ]
            ],
            "color": [
                0.9919999837875366,
                0.9919999837875366,
                0.5879999995231628
            ],
            "fixed": false,
            "rotationLevel": 2,
            "snapPanel": null,
            "transform": [
                -0.0017397403717041016,
                -0.0004315227270126343,
                -0.9999983906745911,
                0.0,
                0.2643267512321472,
                -0.9644331932067871,
                -4.367530345916748e-05,
                0.0,
                -0.9644315838813782,
                -0.26432639360427856,
                0.0017918944358825684,
                0.0,
                3.3901987075805664,
                17.559118270874023,
                0.08247081190347672,
                1.0
            ]
        },
        {
            "barriers": [],
            "blocks": [
                [
                    0,
                    0
                ],
                [
                    -1,
                    0
                ],
                [
                    0,
                    -1
                ]
            ],
            "color": [
                0.9919999837875366,
                0.9919999837875366,
                0.5879999995231628
            ],
            "fixed": false,
            "rotationLevel": 2,
            "snapPanel": null,
            "transform": [
                0.019913434982299805,
                0.9998016953468323,
                9.044367743626935e-08,
                0.0,
                -0.9998016953468323,
                0.019913434982299805,
                2.1877749531995505e-06,
                0.0,
                2.1855403247172944e-06,
                -1.3399176168604754e-07,
                1.0,
                0.0,
                3.8366050720214844,
                17.24204444885254,
                -1.7229973536814214e-07,
                1.0
            ]
        },
        {
            "barriers": [],
            "blocks": [
                [
                    0,
                    0
                ],
                [
                    -1,
                    0
                ],
                [
                    0,
                    -1
                ]
            ],
            "color": [
                0.9919999837875366,
                0.9919999837875366,
                0.5879999995231628
            ],
            "fixed": false,
            "rotationLevel": 2,
            "snapPanel": null,
            "transform": [
                -0.9642453193664551,
                -0.26494380831718445,
                -0.00595442671328783,
                0.0,
                0.2649473249912262,
                -0.9642627239227295,
                0.00020502443658187985,
                0.0,
                -0.0057959528639912605,
                -0.0013799157459288836,
                0.9999822378158569,
                0.0,
                3.2540230751037598,
                17.506689071655273,
                0.00047605091822333634,
                1.0
            ]
        },
        {
            "barriers": [],
            "blocks": [
                [
                    0,
                    0
                ],
                [
                    -1,
                    0
                ],
                [
                    0,
                    -1
                ]
            ],
            "color": [
                0.9919999837875366,
                0.9919999837875366,
                0.5879999995231628
            ],
            "fixed": false,
            "rotationLevel": 2,
            "snapPanel": null,
            "transform": [
                -0.9988888502120972,
                0.04712755233049393,
                -1.0588599508309926e-07,
                0.0,
                -0.04712755233049393,
                -0.9988888502120972,
                -9.283549928795765e-08,
                0.0,
                -1.1014345346893606e-07,
                -8.774220106033681e-08,
                1.0,
                0.0,
                3.026259183883667,
                17.325458526611328,
                -5.3622222218052684e-09,
                1.0
            ]
        },
        {
            "barriers": [],
            "blocks": [
                [
                    0,
                    0
                ],
                [
                    -1,
                    0
                ],
                [
                    0,
                    -1
                ],
                [
                    -1,
                    -1
                ]
            ],
            "color": [
                0.9919999837875366,
                0.9919999837875366,
                0.5879999995231628
            ],
            "fixed": false,
            "rotationLevel": 2,
            "snapPanel": null,
            "transform": [
                0.6617618799209595,
                0.7497140765190125,
                -1.7479160305811092e-06,
                0.0,
                0.7497140765190125,
                -0.6617617607116699,
                5.149852768226992e-06,
                0.0,
                2.7042133297072724e-06,
                -4.718413038062863e-06,
                -0.9999998807907104,
                0.0,
                2.5871009826660156,
                17.66425132751465,
                0.06249973177909851,
                1.0
            ]
        },
        {
            "barriers": [],
            "blocks": [
                [
                    0,
                    0
                ],
                [
                    0,
                    1
                ],
                [
                    0,
                    2
                ],
                [
                    1,
                    0
                ]
            ],
            "color": [
                0.9919999837875366,
                0.9919999837875366,
                0.5879999995231628
            ],
            "fixed": true,
            "rotationLevel": 2,
            "snapCoordinates": [
                2,
                5
            ],
            "snapPanel": 5,
            "transform": [
                0.2489013969898224,
                0.9684556722640991,
                -0.012003069743514061,
                0.0,
                -0.24166429042816162,
                0.0500992126762867,
                -0.9690658450126648,
                0.0,
                -0.9378939270973206,
                0.24410197138786316,
                0.24651026725769043,
                0.0,
                21.734546661376953,
                -0.240583598613739,
                2.0567259788513184,
                1.0
            ]
        },
        {
            "barriers": [],
            "blocks": [
                [
                    0,
                    0
                ],
                [
                    0,
                    1
                ],
                [
                    0,
                    2
                ],
                [
                    1,
                    0
                ]
            ],
            "color": [
                0.9919999837875366,
                0.9919999837875366,
                0.5879999995231628
            ],
            "fixed": true,
            "rotationLevel": 3,
            "snapCoordinates": [
                0,
                6
            ],
            "snapPanel": 5,
            "transform": [
                -0.24166029691696167,
                0.05011475458741188,
                -0.9690660238265991,
                0.0,
                -0.24890528619289398,
                -0.9684548377990723,
                0.011987516656517982,
                0.0,
                -0.9378939270973206,
                0.24410197138786316,
                0.24651026725769043,
                0.0,
                21.897228240966797,
                0.1745227575302124,
                2.264625072479248,
                1.0
            ]
        },
        {
            "barriers": [],
            "blocks": [
                [
                    0,
                    0
                ],
                [
                    0,
                    1
                ],
                [
                    1,
                    0
                ]
            ],
            "color": [
                0.9919999837875366,
                0.9919999837875366,
                0.5879999995231628
            ],
            "fixed": true,
            "rotationLevel": 3,
            "snapCoordinates": [
                0,
                4
            ],
            "snapPanel": 5,
            "transform": [
                -0.24166029691696167,
                0.05011475458741188,
                -0.9690660238265991,
                0.0,
                -0.24890528619289398,
                -0.9684548377990723,
                0.011987516656517982,
                0.0,
                -0.9378939270973206,
                0.24410197138786316,
                0.24651026725769043,
                0.0,
                21.790891647338867,
                0.19655251502990723,
                1.8382364511489868,
                1.0
            ]
        },
        {
            "barriers": [],
            "blocks": [
                [
                    0,
                    0
                ],
                [
                    0,
                    1
                ],
                [
                    0,
                    -1
                ]
            ],
            "color": [
                0.9919999837875366,
                0.9919999837875366,
                0.5879999995231628
            ],
            "fixed": true,
            "rotationLevel": 2,
            "snapCoordinates": [
                1,
                2
            ],
            "snapPanel": 5,
            "transform": [
                0.2489013969898224,
                0.9684556722640991,
                -0.012003069743514061,
                0.0,
                -0.24166429042816162,
                0.0500992126762867,
                -0.9690658450126648,
                0.0,
                -0.9378939270973206,
                0.24410197138786316,
                0.24651026725769043,
                0.0,
                21.629798889160156,
                0.005521655082702637,
                1.4144952297210693,
                1.0
            ]
        },
        {
            "barriers": [],
            "blocks": [
                [
                    0,
                    0
                ],
                [
                    0,
                    1
                ],
                [
                    0,
                    2
                ],
                [
                    1,
                    0
                ]
            ],
            "color": [
                0.9919999837875366,
                0.9919999837875366,
                0.5879999995231628
            ],
            "fixed": true,
            "rotationLevel": 2,
            "snapCoordinates": [
                5,
                3
            ],
            "snapPanel": 5,
            "transform": [
                0.2489013969898224,
                0.9684556722640991,
                -0.012003069743514061,
                0.0,
                -0.24166429042816162,
                0.0500992126762867,
                -0.9690658450126648,
                0.0,
                -0.9378939270973206,
                0.24410197138786316,
                0.24651026725769043,
                0.0,
                21.46394157409668,
                -0.8577356338500977,
                1.6382801532745361,
                1.0
            ]
        },
        {
            "barriers": [],
            "blocks": [
                [
                    0,
                    0
                ]
            ],
            "color": [
                0.9919999837875366,
                0.9919999837875366,
                0.5879999995231628
            ],
            "fixed": true,
            "rotationLevel": 0,
            "snapCoordinates": [
                3,
                1
            ],
            "snapPanel": 5,
            "transform": [
                -0.24889352917671204,
                -0.9684572815895081,
                0.012034637853503227,
                0.0,
                0.24167239665985107,
                -0.05006766319274902,
                0.9690654277801514,
                0.0,
                -0.9378939270973206,
                0.24410197138786316,
                0.24651026725769043,
                0.0,
                21.467117309570313,
                -0.409584641456604,
                1.2065961360931396,
                1.0
            ]
        },
        {
            "barriers": [],
            "blocks": [
                [
                    0,
                    0
                ],
                [
                    -1,
                    0
                ],
                [
                    0,
                    1
                ],
                [
                    0,
                    2
                ]
            ],
            "color": [
                0.9919999837875366,
                0.9919999837875366,
                0.5879999995231628
            ],
            "fixed": true,
            "rotationLevel": 0,
            "snapCoordinates": [
                6,
                0
            ],
            "snapPanel": 5,
            "transform": [
                -0.24889352917671204,
                -0.9684572815895081,
                0.012034637853503227,
                0.0,
                0.24167239665985107,
                -0.05006766319274902,
                0.9690654277801514,
                0.0,
                -0.9378939270973206,
                0.24410197138786316,
                0.24651026725769043,
                0.0,
                21.249679565429688,
                -1.03775155544281,
                1.0013445615768433,
                1.0
            ]
        },
        {
            "barriers": [],
            "blocks": [
                [
                    0,
                    0
                ],
                [
                    0,
                    1
                ],
                [
                    0,
                    2
                ],
                [
                    1,
                    0
                ]
            ],
            "color": [
                0.9919999837875366,
                0.9919999837875366,
                0.5879999995231628
            ],
            "fixed": true,
            "rotationLevel": 1,
            "snapCoordinates": [
                6,
                5
            ],
            "snapPanel": 5,
            "transform": [
                0.24166834354400635,
                -0.05008343607187271,
                0.9690656065940857,
                0.0,
                0.2488974630832672,
                0.9684564471244812,
                -0.012018853798508644,
                0.0,
                -0.9378939270973206,
                0.24410197138786316,
                0.24651026725769043,
                0.0,
                21.515520095825195,
                -1.0928258895874023,
                2.0673165321350098,
                1.0
            ]
        },
        {
            "barriers": [],
            "blocks": [
                [
                    0,
                    0
                ],
                [
                    0,
                    1
                ],
                [
                    1,
                    0
                ]
            ],
            "color": [
                0.9919999837875366,
                0.9919999837875366,
                0.5879999995231628
            ],
            "fixed": true,
            "rotationLevel": 2,
            "snapCoordinates": [
