{
    "bricks": [
        {
            "blocks": [
                [
                    0,
                    0
                ],
                [
                    1,
                    0
                ],
                [
                    0,
                    1
                ]
            ],
            "color": [
                0.5,
                0.5,
                0.5
            ],
            "rotationLevel": 0,
            "snapCoordinates": [
                0,
                0
            ],
            "snapPanel": 0,
            "transform": [
                0.707060694694519,
                -0.7071520090103149,
                0.0,
                0.0,
                0.2706232964992523,
                0.27058833837509155,
                0.9238748550415039,
                0.0,
                -0.6533200144767761,
                -0.6532355546951294,
                0.38269466161727905,
                0.0,
                4.150478363037109,
                0.9510453939437866,
                1.0017476081848145,
                1.0
            ]
        },
        {
            "blocks": [
                [
                    0,
                    0
                ],
                [
                    -1,
                    0
                ],
                [
                    -1,
                    1
                ],
                [
                    -1,
                    -1
                ],
                [
                    0,
                    -1
                ],
                [
                    1,
                    -1
                ]
            ],
            "color": [
                1.0,
                1.0,
                0.0
            ],
            "rotationLevel": 0,
            "snapPanel": null,
            "transform": [
                -0.9892141819000244,
                -0.14647658169269562,
                -1.3359501060961065e-08,
                0.0,
                0.14647658169269562,
                -0.9892141819000244,
                7.152602066184954e-09,
                0.0,
                -1.4263096481670345e-08,
                5.118601542619672e-09,
                1.0,
                0.0,
                3.187347412109375,
                0.7884477376937866,
                7.472634733218797e-10,
                1.0
            ]
        }
    ],
    "entities": [
        {
            "components": {
                "mesh": {
                    "path": "./assets/models/vr-puzzle/waking-hall.glb"
                },
                "sound-emitter": {
                    "sounds": [
                        {
                            "hrid": "open-clock",
                            "path": "./assets/sounds/vr-puzzle/open-clock.wav"
                        }
                    ]
                }
            },
            "name": "waking-hall",
            "transform": [
                1.6033649444580078e-05,
                0.9999995231628418,
                0.0,
                0.0,
                -0.9999995231628418,
                1.6033649444580078e-05,
                0.0,
                0.0,
                0.0,
                0.0,
                1.0,
                0.0,
                0.0,
                0.0,
                0.0,
                1.0
            ]
        },
        {
            "components": {
                "mesh": {
                    "path": "./assets/models/vr-puzzle/clock.glb"
                }
            },
            "name": "clock",
            "transform": [
                -0.770042896270752,
                1.2254802641109563e-05,
                0.0,
                0.0,
                -1.2254802641109563e-05,
                -0.770042896270752,
                0.0,
                0.0,
                0.0,
                0.0,
                0.7700431942939758,
                0.0,
                5.321030139923096,
                0.002856343984603882,
                1.0680524110794067,
                1.0
            ]
        }
    ],
    "file": {
        "type": "LEVEL",
        "version": 0
    },
    "name": "intro",
    "panels": [
        {
            "extent": [
                3,
                3
            ],
            "transform": [
                -0.7071405053138733,
                -0.7070721983909607,
                0.0,
                0.0,
                0.7070721983909607,
                -0.7071405053138733,
                0.0,
                0.0,
                0.0,
                0.0,
                1.0,
                0.0,
                4.3655686378479,
                0.8550013899803162,
                0.0,
                1.0
            ]
        }
    ]
}