{
    "barriers": [
        {
            "transform": [
                2.1435890197753906,
                0.0,
                0.0,
                0.0,
                0.0,
                2.1435890197753906,
                0.0,
                0.0,
                0.0,
                0.0,
                2.1435890197753906,
                0.0,
                9.570737838745117,
                0.9697145223617554,
                0.0,
                1.0
            ]
        },
        {
            "transform": [
                3.797499179840088,
                0.0,
                0.0,
                0.0,
                0.0,
                3.797499179840088,
                0.0,
                0.0,
                0.0,
                0.0,
                3.797499179840088,
                0.0,
                15.946187973022461,
                0.0,
                0.0,
                1.0
            ]
        }
    ],
    "bricks": [
        {
            "blocks": [
                [
                    0,
                    0
                ],
                [
                    1,
                    0
                ],
                [
                    0,
                    1
                ]
            ],
            "color": [
                0.5,
                0.5,
                0.5
            ],
            "rotationLevel": 0,
            "snapCoordinates": [
                0,
                0
            ],
            "snapPanel": 0,
            "transform": [
                0.7070725560188293,
                -0.7071396112442017,
                3.8742979313610704e-07,
                0.0,
                0.5000225305557251,
                0.4999755322933197,
                0.7071065306663513,
                0.0,
                -0.5000241994857788,
                -0.49997636675834656,
                0.7071060538291931,
                0.0,
                3.890571355819702,
                1.1760358810424805,
                1.0545583963394165,
                1.0
            ]
        },
        {
            "blocks": [
                [
                    0,
                    0
                ],
                [
                    -1,
                    0
                ],
                [
                    -1,
                    1
                ],
                [
                    -1,
                    -1
                ],
                [
                    0,
                    -1
                ],
                [
                    1,
                    -1
                ]
            ],
            "color": [
                1.0,
                1.0,
                0.0
            ],
            "rotationLevel": 1,
            "snapPanel": null,
            "transform": [
                0.7036811709403992,
                -0.7105158567428589,
                -3.2498856938900644e-08,
                0.0,
                0.7105158567428589,
                0.7036811709403992,
                2.773269613953744e-09,
                0.0,
                2.089837991547938e-08,
                -2.5042451667900423e-08,
                1.0,
                0.0,
                3.5755434036254883,
                1.026679515838623,
                -1.887018596935519e-10,
                1.0
            ]
        },
        {
            "blocks": [
                [
                    0,
                    0
                ],
                [
                    0,
                    1
                ],
                [
                    1,
                    0
                ]
            ],
            "color": [
                1.0,
                0.0,
                0.0
            ],
            "rotationLevel": 1,
            "snapCoordinates": [
                2,
                0
            ],
            "snapPanel": 1,
            "transform": [
                -0.06103644520044327,
                -0.5971655249595642,
                -0.7997861504554749,
                0.0,
                0.9926331639289856,
                -0.12028816342353821,
                0.014060430228710175,
                0.0,
                -0.10460159182548523,
                -0.7930410504341125,
                0.6001182794570923,
                0.0,
                9.365313529968262,
                1.668324589729309,
                1.4297508001327515,
                1.0
            ]
        },
        {
            "blocks": [
                [
                    0,
                    0
                ],
                [
                    0,
                    1
                ],
                [
                    1,
                    0
                ]
            ],
            "color": [
                1.0,
                0.0,
                0.0
            ],
            "rotationLevel": 3,
            "snapCoordinates": [
                0,
                1
            ],
            "snapPanel": 1,
            "transform": [
                0.061068546026945114,
                0.5971616506576538,
                0.7997865676879883,
                0.0,
                -0.992631196975708,
                0.12030747532844543,
                -0.014034567400813103,
                0.0,
                -0.10460159182548523,
                -0.7930410504341125,
                0.6001182794570923,
                0.0,
                9.78864860534668,
                1.484025239944458,
                1.2599902153015137,
                1.0
            ]
        },
        {
            "blocks": [
                [
                    0,
                    0
                ]
            ],
            "color": [
                1.0,
                0.0,
                0.0
            ],
            "rotationLevel": 0,
            "snapCoordinates": [
                0,
                2
            ],
            "snapPanel": 1,
            "transform": [
                -0.9926341772079468,
                0.12027844041585922,
                -0.014073457568883896,
                0.0,
                -0.06102027744054794,
                -0.5971674919128418,
                -0.7997859120368958,
                0.0,
                -0.10460159182548523,
                -0.7930410504341125,
                0.6001182794570923,
                0.0,
                9.775223731994629,
                1.352648377418518,
                1.08403742313385,
                1.0
            ]
        },
        {
            "blocks": [
                [
                    0,
                    0
                ]
            ],
            "color": [
                1.0,
                0.0,
                0.0
            ],
            "rotationLevel": 0,
            "snapCoordinates": [
                1,
                2
            ],
            "snapPanel": 1,
            "transform": [
                -0.9926341772079468,
                0.12027844041585922,
                -0.014073457568883896,
                0.0,
                -0.06102027744054794,
                -0.5971674919128418,
                -0.7997859120368958,
                0.0,
                -0.10460159182548523,
                -0.7930410504341125,
                0.6001182794570923,
                0.0,
                9.556843757629395,
                1.3791096210479736,
                1.0809412002563477,
                1.0
            ]
        },
        {
            "blocks": [
                [
                    0,
                    0
                ]
            ],
            "color": [
                1.0,
                0.0,
                0.0
            ],
            "rotationLevel": 0,
            "snapCoordinates": [
                2,
                2
            ],
            "snapPanel": 1,
            "transform": [
                -0.9926341772079468,
                0.12027844041585922,
                -0.014073457568883896,
                0.0,
                -0.06102027744054794,
                -0.5971674919128418,
                -0.7997859120368958,
                0.0,
                -0.10460159182548523,
                -0.7930410504341125,
                0.6001182794570923,
                0.0,
                9.338464736938477,
                1.4055708646774292,
                1.0778450965881348,
                1.0
            ]
        },
        {
            "blocks": [
                [
                    0,
                    0
                ],
                [
                    0,
                    1
                ],
                [
                    1,
                    0
                ]
            ],
            "color": [
                1.0,
                0.0,
                0.0
            ],
            "rotationLevel": 0,
            "snapPanel": null,
            "transform": [
                0.9999191164970398,
                0.012692296877503395,
                -0.0008139265701174736,
                0.0,
                -0.012692613527178764,
                0.9999193549156189,
                -0.00038583940477110445,
                0.0,
                0.0008089637849479914,
                0.00039613907574675977,
                0.9999995827674866,
                0.0,
                16.708200454711914,
                1.451778531074524,
                -2.9931299650343135e-05,
                1.0
            ]
        },
        {
            "blocks": [
                [
                    0,
                    0
                ],
                [
                    0,
                    1
                ],
                [
                    1,
                    0
                ]
            ],
            "color": [
                1.0,
                0.0,
                0.0
            ],
            "rotationLevel": 0,
            "snapPanel": null,
            "transform": [
                0.999575674533844,
                0.028618868440389633,
                -0.00542086735367775,
                0.0,
                -0.028636913746595383,
                0.9995844960212708,
                -0.0032809425611048937,
                0.0,
                0.005324718542397022,
                0.0034347872715443373,
                0.9999799132347107,
                0.0,
                16.908952713012695,
                1.5312073230743408,
                0.06144280731678009,
                1.0
            ]
        },
        {
            "blocks": [
                [
                    0,
                    0
                ],
                [
                    0,
                    1
                ],
                [
                    1,
                    0
                ]
            ],
            "color": [
                1.0,
                0.0,
                0.0
            ],
            "rotationLevel": 0,
            "snapPanel": null,
            "transform": [
                0.9897868633270264,
                0.009572690352797508,
                0.14223338663578033,
                0.0,
                -0.009673010557889938,
                0.9999532103538513,
                1.3896089512854815e-05,
                0.0,
                -0.14222659170627594,
                -0.0013895791489630938,
                0.9898331761360168,
                0.0,
                16.272621154785156,
                1.3957105875015259,
                0.015644069761037827,
                1.0
            ]
        },
        {
            "blocks": [
                [
                    0,
                    0
                ],
                [
                    0,
                    1
                ]
            ],
            "color": [
                1.0,
                0.0,
                0.0
            ],
            "rotationLevel": 0,
            "snapPanel": null,
            "transform": [
                -0.1647573709487915,
                0.9863340854644775,
                -9.466204708985515e-09,
                0.0,
                -0.9863340854644775,
                -0.1647573709487915,
                -7.804699109215107e-10,
                0.0,
                -2.3294315365518514e-09,
                9.208252826908847e-09,
                1.0,
                0.0,
                14.6289644241333,
                -0.7756684422492981,
                -5.998893604086675e-10,
                1.0
            ]
        },
        {
            "blocks": [
                [
                    0,
                    0
                ],
                [
                    0,
                    1
                ]
            ],
            "color": [
                1.0,
                0.0,
                0.0
            ],
            "rotationLevel": 0,
            "snapPanel": null,
            "transform": [
                0.2806665301322937,
                -0.9598053097724915,
                8.358564400623436e-07,
                0.0,
                -0.9598053097724915,
                -0.2806665897369385,
                8.330619039043086e-08,
                0.0,
                1.5463922409253428e-07,
                -8.256407113549358e-07,
                -1.0,
                0.0,
                14.420432090759277,
                -0.5306503772735596,
                0.06249994412064552,
                1.0
            ]
        },
        {
            "blocks": [
                [
                    0,
                    0
                ],
                [
                    0,
                    1
                ]
            ],
            "color": [
                1.0,
                0.0,
                0.0
            ],
            "rotationLevel": 0,
            "snapPanel": null,
            "transform": [
                0.9575361609458923,
                0.2883131802082062,
                8.825471908835425e-09,
                0.0,
                -0.2883131802082062,
                0.9575361609458923,
                6.158800136546461e-09,
                0.0,
                -6.6750445171237516e-09,
                -8.441773502454453e-09,
                1.0,
                0.0,
                14.332503318786621,
                -1.5038964748382568,
                1.6299448457601784e-09,
                1.0
            ]
        },
        {
            "blocks": [
                [
                    0,
                    0
                ],
                [
                    0,
                    1
                ],
                [
                    0,
                    2
                ]
            ],
            "color": [
                1.0,
                0.0,
                0.0
            ],
            "rotationLevel": 0,
            "snapPanel": null,
            "transform": [
                -0.988486647605896,
                0.151307612657547,
                -6.6581358204587104e-09,
                0.0,
                -0.151307612657547,
                -0.988486647605896,
                6.5446470465246875e-09,
                0.0,
                -5.591223928291811e-09,
                7.476723240529282e-09,
                1.0,
                0.0,
                14.668962478637695,
                -1.0298618078231812,
                -6.275376329689664e-10,
                1.0
            ]
        }
    ],
    "entities": [
        {
            "components": {
                "mesh": {
                    "path": "./assets/models/vr-puzzle/waking-hall.glb"
                },
                "sound-emitter": {
                    "sounds": [
                        {
                            "hrid": "open-clock",
                            "path": "./assets/sounds/vr-puzzle/open-clock.wav"
                        }
                    ]
                }
            },
            "name": "waking-hall",
            "transform": [
                1.6033642168622464e-05,
                0.999999463558197,
                0.0,
                0.0,
                -0.999999463558197,
                1.6033642168622464e-05,
                0.0,
                0.0,
                0.0,
                0.0,
                1.0,
                0.0,
                0.2442454993724823,
                0.0,
                0.0,
                1.0
            ]
        },
        {
            "components": {
                "mesh": {
                    "path": "./assets/models/vr-puzzle/clock.glb"
                }
            },
            "name": "clock",
            "transform": [
                -0.770042896270752,
                1.2254802641109563e-05,
                0.0,
                0.0,
                -1.2254802641109563e-05,
                -0.770042896270752,
                0.0,
                0.0,
                0.0,
                0.0,
                0.7700431942939758,
                0.0,
                5.55143928527832,
                0.002856343984603882,
                1.0680524110794067,
                1.0
            ]
        },
        {
            "components": {
                "mesh": {
                    "path": "./assets/models/vr-puzzle/puzzle-table.glb"
                }
            },
            "name": "puzzle-table",
            "transform": [
                -0.7071064710617065,
                -0.7071070075035095,
                0.0,
                0.0,
                0.7071070075035095,
                -0.7071064710617065,
                0.0,
                0.0,
                0.0,
                0.0,
                1.0,
                0.0,
                4.187601566314697,
                1.1090105772018433,
                0.0,
                1.0
            ]
        },
        {
            "components": {
                "mesh": {
                    "path": "./assets/models/vr-puzzle/puzzle-table.glb"
                }
            },
            "name": "puzzle-table",
            "transform": [
                -0.14755988121032715,
                -0.9890509247779846,
                0.0,
                0.0,
                0.9890509247779846,
                -0.14755988121032715,
                0.0,
                0.0,
                0.0,
                0.0,
                1.0,
                0.0,
                9.574010848999023,
                1.5030717849731445,
                0.0,
                1.0
            ]
        }
    ],
    "file": {
        "type": "LEVEL",
        "version": 0
    },
    "name": "intro",
    "panels": [
        {
            "extent": [
                3,
                3
            ],
            "name": "intro.waking-hall-clock-controller",
            "transform": [
                0.7070725560188293,
                -0.7071396112442017,
                3.8742979313610704e-07,
                0.0,
                0.5000225305557251,
                0.4999755322933197,
                0.7071065306663513,
                0.0,
                -0.5000241994857788,
                -0.49997636675834656,
                0.7071060538291931,
                0.0,
                4.156132221221924,
                1.1304597854614258,
                1.2101218700408936,
                1.0
            ]
        },
        {
            "extent": [
                3,
                3
            ],
            "name": "intro.easy-solo",
            "transform": [
                -0.9926341772079468,
                0.12027844041585922,
                -0.014073457568883896,
                0.0,
                -0.06102027744054794,
                -0.5971674919128418,
                -0.7997859120368958,
                0.0,
                -0.10460159182548523,
                -0.7930410504341125,
                0.6001182794570923,
                0.0,
                9.570268630981445,
                1.5104864835739136,
                1.2568941116333008,
                1.0
            ]
        },
        {
            "extent": [
                3,
                3
            ],
            "name": "",
            "transform": [
                5.364418029785156e-07,
                -0.9999999403953552,
                0.0,
                0.0,
                0.9999999403953552,
                5.364418029785156e-07,
                0.0,
                0.0,
                0.0,
                0.0,
                1.0,
                0.0,
                15.334094047546387,
                1.8175554275512695,
                0.0,
                1.0
            ]
        },
        {
            "extent": [
                3,
                3
            ],
            "name": "",
            "transform": [
                -1.1920928955078125e-07,
                0.9999999403953552,
                0.0,
                0.0,
                -0.9999999403953552,
                -1.1920928955078125e-07,
                0.0,
                0.0,
                0.0,
                0.0,
                1.0,
                0.0,
                15.419349670410156,
                -0.5834259390830994,
                0.0,
                1.0
            ]
        },
        {
            "extent": [
                4,
                4
            ],
            "name": "",
            "transform": [
                -0.7071069478988647,
                0.7071065902709961,
                0.0,
                0.0,
                -0.7071065902709961,
                -0.7071069478988647,
                0.0,
                0.0,
                0.0,
                0.0,
                1.0,
                0.0,
                20.279762268066406,
                -5.0608015060424805,
                0.0,
                1.0
            ]
        }
    ]
}